1000018.56 70.471725 37.06051
791679.06 60.72586 29.939629
626762.94 56.8297 23.522333
496195.8 55.195274 18.252562
392824.0 54.424305 13.987114
310996.88 54.03849 10.742508
246205.1 53.906868 7.938287
194922.8 53.907948 5.749383
154310.8 54.008484 4.027533
122170.06 54.412785 2.6263356
96719.125 54.695282 1.5446839
76566.21 54.982185 0.7647964
60616.465 55.211452 0.2344422
47988.42 55.486088 -0.118580855
38014.027 55.822998 -0.52350765
30080.912 56.13682 -0.695622
23808.643 56.414417 -0.8422295
18853.918 56.62757 -0.80078804
14929.112 56.85932 -0.8559801
11811.533 57.03502 -0.88464797
9354.924 57.182884 -0.8831752
7540.311 57.387016 -0.95022357
5888.0977 57.40133 -0.8428386
4641.4854 57.58945 -0.7829828
3676.1763 57.70895 -0.7176102
2910.9316 57.758747 -0.8531829
2302.7896 57.819435 -0.70626783
1823.2498 57.972736 -0.7201491
1443.6138 58.140297 -0.71758527
1142.4408 58.311546 -0.70949113
905.28955 58.35784 -0.6078599
716.1456 58.33108 -0.6193897
567.3602 58.57719 -0.613544
448.99423 58.56441 -0.5595989
355.56894 58.64532 -0.60938495
281.5315 58.804943 -0.5919969
222.78993 58.792255 -0.65399873
176.41125 58.864494 -0.5629681
139.68707 58.816853 -0.6079428
110.45951 58.95269 -0.6772338
87.453354 59.198128 -0.63086706
69.31242 59.098854 -0.56498927
54.877075 59.3222 -0.5772327
43.40278 59.296684 -0.8005223
34.39465 59.570293 -0.7759825
27.202301 59.742477 -0.87160283
21.551723 59.828194 -0.70597285
17.057858 59.886692 -1.0796136
13.500864 60.04633 -0.98459
10.687415 60.120224 -1.0147989
8.455084 60.261875 -1.0003775
6.7002573 60.38455 -1.1234869
5.307405 60.673794 -1.1886896
4.2002687 60.90162 -1.2241421
3.3272998 60.95103 -1.3232155
2.6304717 61.236366 -1.3419079
2.0822227 61.409966 -1.4446046
1.648207 61.53406 -1.5018748
1.3068749 61.843666 -1.6081184
1.0344945 62.177242 -1.5865068
0.8182344 62.382195 -1.7838647
0.6473732 62.674335 -1.7227472
0.5130352 62.91789 -1.7877692
0.4063085 63.266735 -1.825821
0.32144913 63.565315 -1.823007
0.25471115 63.818012 -1.8553559
0.20170659 64.10296 -1.8697584
0.15959513 64.40614 -1.973473
0.12620345 64.65438 -2.0886424
0.09990411 64.86229 -2.1918056
