1000018.56 72.7757 37.74356
791679.06 60.400177 30.070652
626762.94 57.08528 23.44295
496195.8 54.992188 18.249212
392824.0 54.091846 14.134612
310996.88 53.71345 10.7931185
246205.1 53.683807 8.082372
194922.8 53.759277 5.8479667
154310.8 53.81682 4.089739
122170.06 54.079266 2.558197
96719.125 54.328888 1.5680838
76566.21 54.715855 0.74215984
60616.465 54.962097 0.116529405
47988.42 55.402798 -0.25177625
38014.027 55.631466 -0.52959865
30080.912 55.858887 -0.87395847
23808.643 56.143898 -0.92716616
18853.918 56.412895 -1.0436996
14929.112 56.73057 -0.9667195
11811.533 57.050476 -1.105714
9354.924 57.173298 -1.1727847
7540.311 57.36082 -1.1840588
5888.0977 57.49101 -0.98318046
4641.4854 57.706837 -0.96417046
3676.1763 57.792023 -0.98261535
2910.9316 57.96369 -0.958404
2302.7896 58.05393 -0.98840445
1823.2498 58.184994 -0.900197
1443.6138 58.445568 -0.7777884
1142.4408 58.462505 -0.86328655
905.28955 58.527084 -0.80830145
716.1456 58.73865 -0.8320212
567.3602 58.839283 -0.80607194
448.99423 58.990025 -0.853514
355.56894 59.06685 -0.71740115
281.5315 59.234837 -0.71981573
222.78993 59.237587 -0.64386874
176.41125 59.300453 -0.6849493
139.68707 59.34345 -0.6533548
110.45951 59.53477 -0.5859624
87.453354 59.624393 -0.65530163
69.31242 59.697308 -0.7410707
54.877075 59.710865 -0.7113568
43.40278 59.818375 -0.4893622
34.39465 59.937286 -0.7278087
27.202301 59.921574 -0.54928255
21.551723 60.129097 -0.7669725
17.057858 60.25585 -0.7051577
13.500864 60.335285 -0.7631408
10.687415 60.492233 -0.8703913
8.455084 60.62063 -0.9632364
6.7002573 60.540768 -0.8682041
5.307405 60.728962 -0.98282933
4.2002687 61.00013 -1.1367074
3.3272998 61.083103 -1.1140994
2.6304717 61.334175 -1.335039
2.0822227 61.44967 -1.2701457
1.648207 61.58252 -1.367635
1.3068749 61.90532 -1.5097233
1.0344945 62.05342 -1.5656139
0.8182344 62.36088 -1.5212712
0.6473732 62.6252 -1.68584
0.5130352 62.79977 -1.7431608
0.4063085 63.111008 -1.8458909
0.32144913 63.35479 -1.8678839
0.25471115 63.64421 -1.9262471
0.20170659 63.930164 -1.9455773
0.15959513 64.20045 -2.0285037
0.12620345 64.607864 -2.1635265
0.09990411 64.934944 -2.368751
