1000018.56 71.93832 37.30004
791679.06 60.253098 29.900686
626762.94 56.653122 23.452715
496195.8 54.930664 18.243942
392824.0 54.2252 13.98175
310996.88 53.840885 10.790983
246205.1 53.686474 7.975305
194922.8 53.772766 5.7994213
154310.8 53.895775 3.9890707
122170.06 54.207504 2.6247149
96719.125 54.529034 1.7221637
76566.21 54.70874 0.7821692
60616.465 55.045666 0.324289
47988.42 55.439774 -0.018381156
38014.027 55.544437 -0.36315408
30080.912 56.027603 -0.64551824
23808.643 56.308987 -0.6823788
18853.918 56.352364 -0.8491343
14929.112 56.567463 -0.7323959
11811.533 56.892418 -0.75910413
9354.924 56.756992 -0.8171646
7540.311 57.047005 -0.83683497
5888.0977 57.107464 -0.8244865
4641.4854 57.18902 -0.72713685
3676.1763 57.30815 -0.84198886
2910.9316 57.55726 -0.8370583
2302.7896 57.591133 -0.68683326
1823.2498 57.62977 -0.7432296
1443.6138 57.754227 -0.64175206
1142.4408 57.93655 -0.653571
905.28955 57.890892 -0.7634665
716.1456 58.124546 -0.7545622
567.3602 58.2443 -0.9440712
448.99423 58.272823 -0.8450607
355.56894 58.566254 -0.97042435
281.5315 58.58033 -1.0632489
222.78993 58.835075 -1.1126705
176.41125 58.96625 -1.1600269
139.68707 59.052128 -1.1122116
110.45951 59.12649 -1.151686
87.453354 59.29194 -1.1496559
69.31242 59.634052 -1.1831295
54.877075 59.842606 -1.3732396
43.40278 60.116924 -1.4245619
34.39465 60.109592 -1.4442043
27.202301 60.460068 -1.5900598
21.551723 60.639515 -1.6381316
17.057858 60.778183 -1.7594204
13.500864 61.093494 -1.8871709
10.687415 61.41464 -2.047693
8.455084 61.654125 -2.0537338
6.7002573 62.031105 -2.232193
5.307405 62.20853 -2.4411023
4.2002687 62.5738 -2.4115696
3.3272998 62.920204 -2.6472147
2.6304717 63.288643 -2.826819
2.0822227 63.67504 -3.0309675
1.648207 64.22331 -3.1361058
1.3068749 64.62142 -3.3375773
1.0344945 65.259285 -3.5563576
0.8182344 65.71821 -3.6826425
0.6473732 66.385254 -3.9759886
0.5130352 67.0636 -4.162776
0.4063085 67.66688 -4.463401
0.32144913 68.30694 -4.669347
0.25471115 68.8318 -4.837205
0.20170659 69.52612 -4.96901
0.15959513 70.3001 -5.1247115
0.12620345 71.026855 -5.29373
0.09990411 71.944916 -5.493073
