1000018.56 71.43714 38.094307
791679.06 60.535347 29.838648
626762.94 56.651733 23.36889
496195.8 54.993492 18.264412
392824.0 54.188587 14.113958
310996.88 53.843834 10.821787
246205.1 53.699497 7.9738307
194922.8 53.702686 5.788992
154310.8 53.785812 4.0339656
122170.06 54.131287 2.6329308
96719.125 54.42669 1.5413725
76566.21 54.59047 0.7932938
60616.465 55.094345 0.155043
47988.42 55.312115 -0.13897032
38014.027 55.55967 -0.5161598
30080.912 55.921623 -0.725195
23808.643 56.283634 -0.9229908
18853.918 56.600964 -0.98674965
14929.112 56.700275 -1.157055
11811.533 56.897114 -0.99076253
9354.924 57.200344 -1.0699862
7540.311 57.246117 -1.0251054
5888.0977 57.45523 -0.90522885
4641.4854 57.579918 -0.97855186
3676.1763 57.631657 -0.94912034
2910.9316 57.914265 -0.9076686
2302.7896 58.019684 -0.8677248
1823.2498 58.20843 -0.80356824
1443.6138 58.279095 -0.6576037
1142.4408 58.360596 -0.81989896
905.28955 58.57676 -0.607283
716.1456 58.534927 -0.6566502
567.3602 58.628567 -0.72544587
448.99423 58.603466 -0.5396164
355.56894 58.92089 -0.57227236
281.5315 58.821457 -0.57537925
222.78993 58.8576 -0.56938237
176.41125 59.109196 -0.48362222
139.68707 59.075073 -0.6249639
110.45951 59.24674 -0.5623672
87.453354 59.261528 -0.53408545
69.31242 59.258068 -0.49318445
54.877075 59.44923 -0.50728667
43.40278 59.573982 -0.52947414
34.39465 59.634075 -0.7169992
27.202301 59.668076 -0.73166895
21.551723 59.72075 -0.62664676
17.057858 59.7835 -0.7254235
13.500864 59.924183 -0.7830118
10.687415 59.969425 -0.8546979
8.455084 60.10096 -0.92557555
6.7002573 60.269146 -0.817057
5.307405 60.38224 -0.9217437
4.2002687 60.603172 -1.0676935
3.3272998 60.642902 -1.0562817
2.6304717 60.785126 -1.2143643
2.0822227 61.05677 -1.3091631
1.648207 61.253933 -1.3437101
1.3068749 61.4732 -1.5152425
1.0344945 61.623264 -1.5984122
0.8182344 61.935234 -1.4821501
0.6473732 62.187916 -1.6840858
0.5130352 62.512215 -1.7174581
0.4063085 62.717094 -1.7920024
0.32144913 63.025986 -1.8892546
0.25471115 63.36827 -2.02909
0.20170659 63.593582 -2.1252882
0.15959513 63.83786 -2.2213001
0.12620345 64.082954 -2.2965565
0.09990411 64.38891 -2.3832276
