1000018.56 71.18659 36.80263
791679.06 60.28275 29.678524
626762.94 57.022877 23.448135
496195.8 54.918232 18.111553
392824.0 54.273724 14.079963
310996.88 53.952164 10.634064
246205.1 53.622646 7.8824954
194922.8 53.804436 5.834718
154310.8 53.951897 3.9709013
122170.06 53.986847 2.639539
96719.125 54.426853 1.6231228
76566.21 54.695126 0.8413097
60616.465 55.02281 0.09625844
47988.42 55.25296 -0.15286702
38014.027 55.660652 -0.5094833
30080.912 55.99827 -0.6659606
23808.643 56.23452 -0.76937795
18853.918 56.37952 -0.82458144
14929.112 56.58744 -0.91445655
11811.533 56.8707 -0.8876548
9354.924 56.939896 -0.78712875
7540.311 57.188496 -0.84338033
5888.0977 57.244854 -0.8051506
4641.4854 57.3673 -0.8370634
3676.1763 57.454777 -0.80317473
2910.9316 57.588078 -0.73642486
2302.7896 57.83085 -0.7396828
1823.2498 57.799114 -0.6096659
1443.6138 57.841553 -0.62408406
1142.4408 57.916904 -0.62416685
905.28955 57.88366 -0.6749063
716.1456 58.159374 -0.5976493
567.3602 58.336952 -0.6533201
448.99423 58.382988 -0.5871811
355.56894 58.299206 -0.46905443
281.5315 58.362705 -0.5543404
222.78993 58.35863 -0.5059926
176.41125 58.611412 -0.51205885
139.68707 58.64977 -0.5492188
110.45951 58.836685 -0.544752
87.453354 58.808033 -0.5916821
69.31242 58.954514 -0.61200935
54.877075 59.05305 -0.6242393
43.40278 59.059376 -0.71755946
34.39465 59.25926 -0.800895
27.202301 59.32475 -0.71011925
21.551723 59.428448 -0.79401624
17.057858 59.697582 -0.8551837
13.500864 59.65274 -0.92888784
10.687415 59.87366 -0.97971773
8.455084 59.935383 -0.9850363
6.7002573 60.04326 -1.1091746
5.307405 60.1893 -1.0980457
4.2002687 60.40786 -1.1463536
3.3272998 60.572826 -1.3992404
2.6304717 60.752407 -1.4399514
2.0822227 60.981876 -1.4175285
1.648207 61.198643 -1.5314844
1.3068749 61.413006 -1.5330384
1.0344945 61.690197 -1.6511234
0.8182344 61.88028 -1.6072767
0.6473732 62.152287 -1.6536893
0.5130352 62.444733 -1.6971343
0.4063085 62.76023 -1.7119776
0.32144913 63.052124 -1.7509816
0.25471115 63.30598 -1.8822709
0.20170659 63.537796 -1.9283494
0.15959513 63.744396 -1.9479367
0.12620345 63.96752 -1.9623992
0.09990411 64.23305 -2.0143785
