1000018.56 72.61236 37.517406
791679.06 60.868473 29.58405
626762.94 57.1786 23.144
496195.8 55.365932 18.128023
392824.0 54.454815 13.945708
310996.88 54.157784 10.647524
246205.1 54.048264 7.8724275
194922.8 54.175236 5.6455564
154310.8 54.337166 3.8860872
122170.06 54.540016 2.6349418
96719.125 54.79571 1.54542
76566.21 55.097855 0.8642608
60616.465 55.441593 0.2185402
47988.42 55.694313 -0.16919592
38014.027 55.915077 -0.5374086
30080.912 56.35635 -0.5840811
23808.643 56.471275 -0.72293705
18853.918 56.633804 -0.65465605
14929.112 56.761208 -0.78278625
11811.533 57.000443 -0.77164793
9354.924 57.266956 -0.8538213
7540.311 57.313522 -0.75216377
5888.0977 57.38853 -0.82111585
4641.4854 57.544888 -0.7668468
3676.1763 57.62139 -0.7033077
2910.9316 57.713604 -0.6353212
2302.7896 57.78665 -0.7750965
1823.2498 57.942665 -0.6943269
1443.6138 58.105362 -0.9436587
1142.4408 58.159733 -0.79722875
905.28955 58.308712 -0.75397575
716.1456 58.3903 -0.85026896
567.3602 58.515865 -1.0449364
448.99423 58.713524 -1.0887537
355.56894 58.736347 -1.0990994
281.5315 58.90385 -1.1191477
222.78993 59.02116 -1.2738047
176.41125 59.15329 -1.3992727
139.68707 59.343357 -1.3980796
110.45951 59.54194 -1.5011338
87.453354 59.875427 -1.5481424
69.31242 60.118248 -1.5147763
54.877075 60.341434 -1.862111
43.40278 60.559155 -1.8173059
34.39465 60.696716 -1.9461726
27.202301 61.07108 -2.1709676
21.551723 61.341858 -2.1415708
17.057858 61.52897 -2.3351686
13.500864 62.18096 -2.4343429
10.687415 62.42028 -2.7061567
8.455084 62.80078 -2.8106215
6.7002573 63.230476 -2.9016922
5.307405 63.561928 -3.0611541
4.2002687 64.00385 -3.2276978
3.3272998 64.530205 -3.4949822
2.6304717 64.89841 -3.8015518
2.0822227 65.529 -4.0152416
1.648207 66.11351 -4.3608193
1.3068749 66.670685 -4.5558405
1.0344945 67.55946 -4.929719
0.8182344 68.22874 -5.4028883
0.6473732 68.84958 -5.824095
0.5130352 69.70025 -5.959847
0.4063085 70.530594 -6.3532786
0.32144913 71.418816 -6.6800456
0.25471115 72.468605 -7.0310917
0.20170659 73.689026 -7.517508
0.15959513 74.956635 -8.081982
0.12620345 76.20264 -8.891559
0.09990411 77.19528 -9.735393
