1000018.56 71.69252 37.385025
791679.06 60.273415 29.651148
626762.94 56.78519 23.525093
496195.8 54.9258 18.306519
392824.0 54.186337 14.119824
310996.88 53.74884 10.872349
246205.1 53.619034 7.9390554
194922.8 53.490734 5.8677216
154310.8 53.743877 3.9682531
122170.06 53.98581 2.588133
96719.125 54.313534 1.5140676
76566.21 54.573647 0.62996703
60616.465 54.98909 0.0388913
47988.42 55.160645 -0.48510233
38014.027 55.6024 -0.7526489
30080.912 55.937645 -0.851304
23808.643 56.19156 -1.1413248
18853.918 56.513035 -1.1316336
14929.112 56.80609 -1.1956925
11811.533 56.975708 -1.2972648
9354.924 57.172916 -1.3773878
7540.311 57.40238 -1.292153
5888.0977 57.46935 -1.3277367
4641.4854 57.713127 -1.2316586
3676.1763 58.022728 -1.3229212
2910.9316 58.12584 -1.2164466
2302.7896 58.10752 -1.4152986
1823.2498 58.52026 -1.4016596
1443.6138 58.704445 -1.3919051
1142.4408 58.826145 -1.4364101
905.28955 59.061134 -1.4359732
716.1456 59.399834 -1.6113465
567.3602 59.49993 -1.5912274
448.99423 59.90915 -1.5809846
355.56894 60.148197 -1.5135399
281.5315 60.43337 -1.6046052
222.78993 60.676777 -1.6891651
176.41125 60.98811 -1.5992389
139.68707 61.17408 -1.6635709
110.45951 61.43282 -1.6513032
87.453354 61.663048 -1.5955215
69.31242 61.867653 -1.4574318
54.877075 62.05368 -1.614575
43.40278 62.329445 -1.2528454
34.39465 62.530773 -1.4086729
27.202301 62.853333 -1.3327954
21.551723 62.861797 -1.1508584
17.057858 63.183556 -1.1543574
13.500864 63.25335 -1.1357571
10.687415 63.410553 -1.1874074
8.455084 63.47985 -1.2077708
6.7002573 63.73163 -1.2404933
5.307405 63.900337 -1.1084689
4.2002687 64.04137 -1.1327505
3.3272998 64.24761 -1.3756819
2.6304717 64.26309 -1.350296
2.0822227 64.58374 -1.380242
1.648207 64.70106 -1.5347323
1.3068749 64.99995 -1.6262971
1.0344945 65.32872 -1.6294812
0.8182344 65.50284 -1.6925056
0.6473732 65.73468 -1.6790912
0.5130352 66.06561 -1.7596595
0.4063085 66.285 -1.7184924
0.32144913 66.58889 -1.7331368
0.25471115 66.94665 -1.8318214
0.20170659 67.25464 -1.8931623
0.15959513 67.539925 -2.0454035
0.12620345 67.7124 -2.2759087
0.09990411 67.88843 -2.4069467
