1000018.56 71.15729 38.260403
791679.06 60.381172 29.958208
626762.94 56.630276 23.162157
496195.8 54.95178 18.198538
392824.0 54.247334 14.138943
310996.88 53.779377 10.713428
246205.1 53.67814 7.992469
194922.8 53.712273 5.831441
154310.8 53.842655 4.0107694
122170.06 54.06269 2.7194173
96719.125 54.349293 1.5578343
76566.21 54.723095 0.68949556
60616.465 54.886436 0.16656171
47988.42 55.393593 -0.28622356
38014.027 55.702126 -0.63754946
30080.912 55.96482 -0.84485626
23808.643 56.309067 -0.93567824
18853.918 56.512962 -0.88872045
14929.112 56.638573 -1.0510705
11811.533 56.888687 -0.98665583
9354.924 57.089634 -0.9583324
7540.311 57.275745 -1.143848
5888.0977 57.34161 -0.89002925
4641.4854 57.70771 -0.8600349
3676.1763 57.700615 -0.96678984
2910.9316 57.87899 -0.88716733
2302.7896 57.880535 -0.8247747
1823.2498 58.0901 -0.83713436
1443.6138 58.12965 -0.75705594
1142.4408 58.31425 -0.6526191
905.28955 58.42141 -0.50827074
716.1456 58.469845 -0.6365668
567.3602 58.5833 -0.59071445
448.99423 58.627003 -0.49326605
355.56894 58.709656 -0.6467112
281.5315 58.821114 -0.5281738
222.78993 58.930637 -0.54451007
176.41125 59.02025 -0.55921465
139.68707 59.02709 -0.5382937
110.45951 58.982437 -0.47364604
87.453354 59.136307 -0.6139803
69.31242 59.382484 -0.43751228
54.877075 59.210873 -0.56995505
43.40278 59.381844 -0.7323132
34.39465 59.33965 -0.6304494
27.202301 59.51033 -0.60649747
21.551723 59.662582 -0.8339279
17.057858 59.75288 -0.7091947
13.500864 59.83201 -0.79596967
10.687415 59.871346 -0.863668
8.455084 59.994083 -0.9368552
6.7002573 60.20454 -0.87689215
5.307405 60.287724 -0.95610815
4.2002687 60.385204 -1.1103611
3.3272998 60.49431 -1.1449273
2.6304717 60.582794 -1.190744
2.0822227 60.966957 -1.3945795
1.648207 61.130184 -1.3170865
1.3068749 61.364605 -1.463188
1.0344945 61.59007 -1.5594959
0.8182344 61.819897 -1.6667485
0.6473732 62.006973 -1.7562815
0.5130352 62.350426 -1.818951
0.4063085 62.592503 -1.8443303
0.32144913 62.87572 -1.8872541
0.25471115 63.162548 -1.998068
0.20170659 63.45849 -2.0156183
0.15959513 63.861446 -2.1833975
0.12620345 64.15936 -2.3521726
0.09990411 64.40501 -2.5656707
