1000018.56 71.39778 36.596725
791679.06 60.56749 29.811546
626762.94 56.797665 23.138239
496195.8 54.972088 18.08896
392824.0 54.120537 14.0368595
310996.88 53.834465 10.684588
246205.1 53.719303 7.933629
194922.8 53.859768 5.872544
154310.8 54.05148 4.004671
122170.06 54.168602 2.7092843
96719.125 54.53448 1.5970263
76566.21 54.79426 0.8562202
60616.465 55.06896 0.16050485
47988.42 55.3765 -0.25195298
38014.027 55.644005 -0.32169455
30080.912 56.06499 -0.60364074
23808.643 56.324295 -0.7012826
18853.918 56.3265 -0.72852784
14929.112 56.46386 -0.78394467
11811.533 56.61469 -0.8109719
9354.924 56.904377 -0.8529741
7540.311 57.10389 -0.7315812
5888.0977 57.044273 -0.81127095
4641.4854 57.248024 -0.7839413
3676.1763 57.401936 -0.7885095
2910.9316 57.386032 -0.7546617
2302.7896 57.5612 -0.7221099
1823.2498 57.660286 -0.80140656
1443.6138 57.75281 -0.7762849
1142.4408 57.892673 -0.6878428
905.28955 58.055542 -0.86725646
716.1456 58.056885 -0.68127817
567.3602 58.30447 -0.80498576
448.99423 58.288895 -0.88416404
355.56894 58.5341 -0.91139156
281.5315 58.562218 -0.9612202
222.78993 58.83779 -0.92139375
176.41125 58.960888 -0.95160675
139.68707 58.964645 -1.0312953
110.45951 59.025574 -1.0652467
87.453354 59.43711 -1.0382559
69.31242 59.435154 -1.1485335
54.877075 59.64609 -1.1686468
43.40278 59.905777 -1.2971458
34.39465 59.97682 -1.281658
27.202301 60.197105 -1.4405664
21.551723 60.32827 -1.2791953
17.057858 60.499577 -1.504688
13.500864 60.705627 -1.5705386
10.687415 60.8419 -1.812678
8.455084 61.181454 -1.868791
6.7002573 61.520676 -1.767117
5.307405 61.73524 -1.9880009
4.2002687 62.0787 -2.2045078
3.3272998 62.440464 -2.2648387
2.6304717 62.866226 -2.371667
2.0822227 63.11216 -2.5839555
1.648207 63.472717 -2.8795652
1.3068749 63.978058 -2.9309645
1.0344945 64.3751 -3.1303735
0.8182344 65.083015 -3.2122786
0.6473732 65.46783 -3.4248943
0.5130352 65.91903 -3.5470548
0.4063085 66.42802 -3.604293
0.32144913 67.07645 -3.6736648
0.25471115 67.61957 -3.8081768
0.20170659 68.27466 -3.8563612
0.15959513 69.002106 -4.0340304
0.12620345 69.60045 -4.2816358
0.09990411 70.151024 -4.5926576
