1000018.56 71.70135 37.02854
791679.06 60.726826 29.79081
626762.94 56.888565 23.325668
496195.8 55.134533 18.29002
392824.0 54.172287 13.912631
310996.88 53.92702 10.666569
246205.1 53.80787 7.990001
194922.8 53.8288 5.7355423
154310.8 54.071396 4.0524616
122170.06 54.225533 2.5609083
96719.125 54.586224 1.680699
76566.21 54.899235 0.79048234
60616.465 55.194214 0.19295104
47988.42 55.53409 -0.17139699
38014.027 55.704914 -0.44834763
30080.912 55.94124 -0.4819758
23808.643 56.200665 -0.69837636
18853.918 56.429394 -0.8715352
14929.112 56.69197 -0.8878039
11811.533 56.762222 -0.7417867
9354.924 56.859787 -0.83051914
7540.311 57.028427 -0.90847665
5888.0977 57.161606 -0.80932057
4641.4854 57.28093 -0.76955104
3676.1763 57.372055 -0.76798266
2910.9316 57.598488 -0.70481706
2302.7896 57.553432 -0.7063861
1823.2498 57.81657 -0.8747672
1443.6138 57.840366 -0.7715067
1142.4408 57.968502 -0.8674639
905.28955 57.950138 -0.8241155
716.1456 58.0332 -0.8730103
567.3602 58.24575 -0.8302896
448.99423 58.359455 -0.9244907
355.56894 58.38674 -0.9794483
281.5315 58.70292 -0.985405
222.78993 58.835426 -1.1170666
176.41125 58.8901 -1.1040298
139.68707 59.21292 -1.331914
110.45951 59.3392 -1.3821905
87.453354 59.474945 -1.3055451
69.31242 59.6477 -1.3857809
54.877075 59.934143 -1.4721091
43.40278 60.03595 -1.4499111
34.39465 60.394985 -1.6894144
27.202301 60.468567 -1.5684233
21.551723 60.6711 -1.7600864
17.057858 60.90696 -1.9185307
13.500864 61.23127 -1.9279073
10.687415 61.605766 -2.006997
8.455084 61.916016 -2.2205992
6.7002573 62.076645 -2.333806
5.307405 62.511967 -2.3999205
4.2002687 62.889698 -2.5423503
3.3272998 63.35439 -2.803894
2.6304717 63.58301 -3.1091413
2.0822227 64.06361 -3.219851
1.648207 64.57399 -3.1824324
1.3068749 65.22003 -3.7025125
1.0344945 65.612816 -3.9331105
0.8182344 66.1808 -4.122562
0.6473732 66.726395 -4.319025
0.5130352 67.410355 -4.53087
0.4063085 68.122345 -4.643637
0.32144913 68.9425 -4.831808
0.25471115 69.805855 -5.1412888
0.20170659 70.67919 -5.4822464
0.15959513 71.38609 -5.966277
0.12620345 72.090004 -6.353578
0.09990411 72.7663 -6.5815825
