1000018.56 72.74297 37.82116
791679.06 60.53291 29.97794
626762.94 56.58893 23.521877
496195.8 54.9833 18.322868
392824.0 54.18925 14.08048
310996.88 53.799244 10.765729
246205.1 53.6931 8.109404
194922.8 53.62628 5.716209
154310.8 53.806313 4.03143
122170.06 54.072803 2.6052787
96719.125 54.21533 1.4971325
76566.21 54.66005 0.7553024
60616.465 54.81777 0.07376799
47988.42 55.189335 -0.30486295
38014.027 55.543293 -0.6943122
30080.912 55.94032 -0.8301156
23808.643 56.169952 -0.9588085
18853.918 56.47359 -1.0570999
14929.112 56.688683 -1.0874104
11811.533 56.89804 -1.0674915
9354.924 57.044197 -1.0586811
7540.311 57.21597 -1.1111525
5888.0977 57.55862 -1.0990441
4641.4854 57.73576 -1.1509284
3676.1763 57.720837 -1.0200356
2910.9316 57.90816 -1.0257074
2302.7896 57.940353 -1.0069613
1823.2498 58.232563 -0.98425823
1443.6138 58.38001 -0.9839247
1142.4408 58.407585 -0.99367005
905.28955 58.586155 -0.8901217
716.1456 58.80265 -0.8769587
567.3602 58.882896 -0.90751463
448.99423 59.158752 -0.8334337
355.56894 59.14721 -0.87320244
281.5315 59.355625 -0.7525632
222.78993 59.44745 -0.78910965
176.41125 59.66697 -0.7561194
139.68707 59.679134 -0.67544335
110.45951 59.83049 -0.6625848
87.453354 59.864727 -0.65690845
69.31242 59.979816 -0.65080017
54.877075 59.985516 -0.74629205
43.40278 59.966423 -0.6843224
34.39465 60.150806 -0.6956338
27.202301 60.184475 -0.61295
21.551723 60.371086 -0.6282466
17.057858 60.496693 -0.74937165
13.500864 60.56615 -0.7729797
10.687415 60.674206 -0.8007245
8.455084 60.82841 -0.89968824
6.7002573 60.900055 -0.92278516
5.307405 61.077385 -0.9793482
4.2002687 61.199814 -0.9783923
3.3272998 61.331192 -1.1052349
2.6304717 61.528057 -1.2633035
2.0822227 61.860703 -1.3540862
1.648207 61.848103 -1.3912432
1.3068749 62.12762 -1.3623276
1.0344945 62.32037 -1.5606016
0.8182344 62.577335 -1.620175
0.6473732 62.846825 -1.6429676
0.5130352 63.150234 -1.6823738
0.4063085 63.409607 -1.845733
0.32144913 63.704216 -1.910882
0.25471115 63.856007 -1.9948794
0.20170659 64.1561 -2.034802
0.15959513 64.38919 -2.0800176
0.12620345 64.74131 -2.1732414
0.09990411 65.05346 -2.2650814
