1000018.56 72.17515 38.132935
791679.06 60.239662 30.064621
626762.94 56.566475 23.665257
496195.8 55.10332 18.24192
392824.0 54.25608 14.084653
310996.88 53.88611 10.779898
246205.1 53.760433 8.019372
194922.8 53.738197 5.903362
154310.8 53.93186 4.022268
122170.06 54.087196 2.5954998
96719.125 54.396656 1.5943737
76566.21 54.724148 0.73127276
60616.465 54.9222 0.199572
47988.42 55.340565 -0.28246593
38014.027 55.61497 -0.667199
30080.912 55.904373 -0.7943838
23808.643 56.213314 -0.7857056
18853.918 56.41801 -1.0175543
14929.112 56.667526 -1.0258361
11811.533 56.843605 -1.007896
9354.924 57.12009 -1.0488532
7540.311 57.30317 -1.0184934
5888.0977 57.372047 -1.0174891
4641.4854 57.627148 -0.99089605
3676.1763 57.75171 -0.77528363
2910.9316 57.92098 -0.80503505
2302.7896 58.03496 -0.75152147
1823.2498 58.179638 -0.8143409
1443.6138 58.1143 -0.69229436
1142.4408 58.21756 -0.6917081
905.28955 58.446365 -0.6403843
716.1456 58.581295 -0.6345676
567.3602 58.526527 -0.63934195
448.99423 58.56902 -0.5179841
355.56894 58.721985 -0.5515222
281.5315 58.82963 -0.46350834
222.78993 58.75897 -0.5493039
176.41125 58.967617 -0.41754583
139.68707 58.93041 -0.49371815
110.45951 59.062943 -0.5429912
87.453354 59.14222 -0.44869688
69.31242 59.105453 -0.44554126
54.877075 59.31692 -0.53709865
43.40278 59.25131 -0.5360887
34.39465 59.223625 -0.5243449
27.202301 59.319904 -0.5339574
21.551723 59.50844 -0.65512514
17.057858 59.536415 -0.4951967
13.500864 59.716286 -0.6639714
10.687415 59.897713 -0.7236879
8.455084 59.8763 -0.8112271
6.7002573 60.049026 -0.8496409
5.307405 60.13404 -0.87861866
4.2002687 60.2805 -1.046023
3.3272998 60.499893 -1.118464
2.6304717 60.621265 -1.1895672
2.0822227 60.748524 -1.4223715
1.648207 60.92214 -1.3289413
1.3068749 61.179863 -1.4305463
1.0344945 61.488834 -1.575077
0.8182344 61.700787 -1.5899173
0.6473732 62.01082 -1.6819754
0.5130352 62.25187 -1.8411787
0.4063085 62.590183 -1.943174
0.32144913 62.821682 -2.0263176
0.25471115 63.07008 -2.0372398
0.20170659 63.347694 -2.1363206
0.15959513 63.64446 -2.2005403
0.12620345 63.95335 -2.325509
0.09990411 64.31694 -2.4584424
