1000018.56 72.042725 37.585655
791679.06 60.241028 29.839754
626762.94 56.920025 23.64065
496195.8 54.92149 18.106962
392824.0 54.22448 14.023915
310996.88 53.817604 10.598535
246205.1 53.725723 7.8938956
194922.8 53.758617 5.805904
154310.8 53.84282 3.9600725
122170.06 54.211506 2.5680838
96719.125 54.3742 1.6109562
76566.21 54.693203 0.7913899
60616.465 54.98971 0.2563059
47988.42 55.291046 -0.15495236
38014.027 55.550167 -0.5439944
30080.912 55.750053 -0.6822166
23808.643 56.112495 -0.76598144
18853.918 56.312523 -0.7516261
14929.112 56.559795 -0.81926244
11811.533 56.70773 -0.86350405
9354.924 56.75406 -0.8784257
7540.311 57.02366 -0.7241743
5888.0977 57.045177 -0.73782605
4641.4854 57.179054 -0.8283535
3676.1763 57.337044 -0.8564998
2910.9316 57.466953 -0.8527355
2302.7896 57.532288 -0.7502347
1823.2498 57.62063 -0.6609456
1443.6138 57.786606 -0.69252837
1142.4408 57.86871 -0.7643459
905.28955 58.09346 -0.90303576
716.1456 58.101067 -0.7649931
567.3602 58.10694 -0.78377956
448.99423 58.279305 -0.77177656
355.56894 58.317253 -0.8258853
281.5315 58.472168 -0.7977572
222.78993 58.66351 -0.88540685
176.41125 58.742184 -0.944643
139.68707 58.753635 -1.0720043
110.45951 59.095844 -0.97907007
87.453354 59.069836 -1.0544864
69.31242 59.33182 -1.1151499
54.877075 59.527172 -1.0142468
43.40278 59.539227 -1.2262233
34.39465 59.776638 -1.119452
27.202301 59.943497 -1.3149885
21.551723 60.15866 -1.2002852
17.057858 60.412216 -1.4450296
13.500864 60.513588 -1.5883873
10.687415 60.738503 -1.5914522
8.455084 61.036747 -1.6763163
6.7002573 61.204056 -1.7893121
5.307405 61.64075 -1.9332603
4.2002687 61.799248 -1.9958881
3.3272998 62.15168 -2.1413462
2.6304717 62.268963 -2.3661253
2.0822227 62.768894 -2.4332695
1.648207 63.16552 -2.5592458
1.3068749 63.615753 -2.6339264
1.0344945 64.01756 -2.7598107
0.8182344 64.49018 -2.9776762
0.6473732 64.896484 -3.038558
0.5130352 65.40743 -3.0629346
0.4063085 65.881096 -3.186848
0.32144913 66.39662 -3.179572
0.25471115 67.006645 -3.3160045
0.20170659 67.56487 -3.4819372
0.15959513 68.01588 -3.6830504
0.12620345 68.41812 -3.785795
0.09990411 68.84775 -3.838204
