1000018.56 70.2524 38.833134
791679.06 60.343098 29.803875
626762.94 56.766438 22.92008
496195.8 55.144035 18.005022
392824.0 54.439495 13.892736
310996.88 53.99949 10.57039
246205.1 53.819202 7.903977
194922.8 53.896904 5.786278
154310.8 54.11931 4.0010204
122170.06 54.29331 2.5400043
96719.125 54.471615 1.6275302
76566.21 54.890213 0.8567656
60616.465 55.296505 0.26845038
47988.42 55.417625 -0.019331673
38014.027 55.7504 -0.376935
30080.912 55.976765 -0.47361687
23808.643 56.23213 -0.73186904
18853.918 56.337433 -0.7345827
14929.112 56.55059 -0.7489587
11811.533 56.81785 -0.7991837
9354.924 56.816525 -0.74632126
7540.311 57.097816 -0.7626029
5888.0977 57.153347 -0.7956623
4641.4854 57.26939 -0.72041696
3676.1763 57.46897 -0.7844248
2910.9316 57.45909 -0.7214592
2302.7896 57.650322 -0.8056064
1823.2498 57.713196 -0.8237273
1443.6138 57.926075 -0.90082926
1142.4408 57.872185 -0.7838874
905.28955 57.93583 -0.85913914
716.1456 57.98873 -0.8840405
567.3602 58.17003 -1.0040259
448.99423 58.327484 -0.96266794
355.56894 58.483685 -1.1436427
281.5315 58.764797 -1.0114565
222.78993 58.830402 -1.1467903
176.41125 59.03836 -1.1318575
139.68707 59.093792 -1.3244311
110.45951 59.408245 -1.3771443
87.453354 59.545044 -1.4523065
69.31242 59.84287 -1.5408232
54.877075 59.98526 -1.5096775
43.40278 60.27784 -1.6327603
34.39465 60.362522 -1.8337266
27.202301 60.75103 -1.8758311
21.551723 61.10106 -1.9132917
17.057858 61.251377 -2.1731503
13.500864 61.55632 -2.187391
10.687415 61.934166 -2.4888823
8.455084 62.33312 -2.5552063
6.7002573 62.72395 -2.5972703
5.307405 62.907547 -2.7928603
4.2002687 63.331482 -3.0306766
3.3272998 63.85948 -3.08028
2.6304717 64.381905 -3.406605
2.0822227 64.811455 -3.605835
1.648207 65.31663 -3.8024483
1.3068749 65.819275 -4.099392
1.0344945 66.47702 -4.358051
0.8182344 67.236946 -4.714711
0.6473732 67.98877 -5.0849056
0.5130352 68.49561 -5.3905206
0.4063085 69.28911 -5.7064285
0.32144913 70.17864 -5.9015336
0.25471115 71.03392 -6.239582
0.20170659 72.063385 -6.499124
0.15959513 73.18486 -6.87413
0.12620345 74.35877 -7.41698
0.09990411 75.39034 -8.191814
