1000018.56 71.51002 36.582035
791679.06 60.482643 29.596304
626762.94 56.447166 23.119427
496195.8 54.95512 18.145304
392824.0 54.07279 14.034453
310996.88 53.765144 10.5837345
246205.1 53.665894 8.006309
194922.8 53.54825 5.7211337
154310.8 53.757343 3.8914864
122170.06 53.86975 2.7580507
96719.125 54.173447 1.657513
76566.21 54.40833 0.69345266
60616.465 54.89792 0.15009813
47988.42 55.085 -0.15296544
38014.027 55.53173 -0.5025633
30080.912 55.71523 -0.64555275
23808.643 55.89173 -0.85919416
18853.918 56.213703 -1.0193427
14929.112 56.36248 -0.89649355
11811.533 56.6312 -0.85996735
9354.924 56.78596 -0.9755618
7540.311 56.98327 -0.92365384
5888.0977 56.979557 -0.9059877
4641.4854 57.092155 -0.86291623
3676.1763 57.38523 -0.8330879
2910.9316 57.54632 -0.8099688
2302.7896 57.760193 -0.6437018
1823.2498 57.826767 -0.73037195
1443.6138 57.95671 -0.649765
1142.4408 57.92174 -0.5522487
905.28955 57.958584 -0.6216369
716.1456 58.103035 -0.63008666
567.3602 58.046307 -0.70803386
448.99423 58.167538 -0.58292514
355.56894 58.398777 -0.5639377
281.5315 58.381645 -0.5304988
222.78993 58.478443 -0.3795269
176.41125 58.521397 -0.53892696
139.68707 58.544384 -0.4259502
110.45951 58.60781 -0.33341026
87.453354 58.518845 -0.6070288
69.31242 58.629726 -0.592894
54.877075 58.84617 -0.52121305
43.40278 58.882515 -0.5423824
34.39465 58.895092 -0.5482752
27.202301 58.985596 -0.5684353
21.551723 59.1381 -0.74220914
17.057858 59.209095 -0.6052919
13.500864 59.27779 -0.71250516
10.687415 59.42231 -0.87100494
8.455084 59.45208 -0.8385372
6.7002573 59.720295 -0.91961795
5.307405 59.881104 -0.89347786
4.2002687 59.907146 -0.9807294
3.3272998 60.035984 -1.152401
2.6304717 60.223896 -1.2291
2.0822227 60.525818 -1.3065907
1.648207 60.57784 -1.3486892
1.3068749 60.711185 -1.3687272
1.0344945 60.90982 -1.5365717
0.8182344 61.262314 -1.6468077
0.6473732 61.6455 -1.7196201
0.5130352 61.902897 -1.7941946
0.4063085 62.16926 -1.906212
0.32144913 62.469067 -2.000418
0.25471115 62.67205 -2.0911953
0.20170659 62.915432 -2.172212
0.15959513 63.250015 -2.2823155
0.12620345 63.525017 -2.4080255
0.09990411 63.882225 -2.5278203
