1000018.56 70.916374 36.667694
791679.06 60.38006 29.806395
626762.94 56.972965 23.374254
496195.8 55.0037 18.254175
392824.0 54.25715 14.19807
310996.88 53.652416 10.752753
246205.1 53.76102 8.056556
194922.8 53.64183 5.7899284
154310.8 53.841084 3.9538052
122170.06 53.978844 2.5925534
96719.125 54.3095 1.4060711
76566.21 54.5963 0.6476738
60616.465 54.93117 -0.011083008
47988.42 55.276264 -0.5178199
38014.027 55.61572 -0.794304
30080.912 55.901413 -0.9530497
23808.643 56.22124 -1.1867853
18853.918 56.438995 -1.1680288
14929.112 56.906693 -1.318231
11811.533 57.13457 -1.3255591
9354.924 57.2664 -1.2257818
7540.311 57.471 -1.3699952
5888.0977 57.73099 -1.3651048
4641.4854 57.94277 -1.4747609
3676.1763 58.09464 -1.3835865
2910.9316 58.1448 -1.4406292
2302.7896 58.449593 -1.5094806
1823.2498 58.683956 -1.5090134
1443.6138 58.910446 -1.6219969
1142.4408 59.165333 -1.7764016
905.28955 59.17233 -1.8025229
716.1456 59.653397 -1.9536024
567.3602 59.832493 -2.0044415
448.99423 60.309494 -2.0981185
355.56894 60.583736 -2.205585
281.5315 60.958385 -2.2705743
222.78993 61.07768 -2.567833
176.41125 61.63761 -2.384928
139.68707 62.24218 -2.6122346
110.45951 62.587692 -2.5175884
87.453354 62.988014 -2.7108538
69.31242 63.363773 -2.6301346
54.877075 63.81142 -2.4700623
43.40278 64.32313 -2.474016
34.39465 64.74681 -2.3857534
27.202301 65.05199 -2.4298127
21.551723 65.56504 -2.2459204
17.057858 65.72877 -2.0611732
13.500864 66.15134 -2.134325
10.687415 66.21119 -1.8940996
8.455084 66.626724 -1.8821472
6.7002573 66.99858 -1.990123
5.307405 67.16026 -1.6597458
4.2002687 67.364624 -1.769418
3.3272998 67.507904 -1.741985
2.6304717 67.80706 -1.7840494
2.0822227 68.12083 -1.6504805
1.648207 68.51404 -1.8223759
1.3068749 68.68123 -1.743374
1.0344945 69.00059 -1.833647
0.8182344 69.118645 -1.765564
0.6473732 69.33044 -1.7849377
0.5130352 69.79759 -1.7639598
0.4063085 70.02259 -1.8183806
0.32144913 70.26567 -1.8169072
0.25471115 70.61637 -1.7129618
0.20170659 70.92689 -1.8013096
0.15959513 71.226166 -1.9194195
0.12620345 71.43523 -1.9601961
0.09990411 71.60245 -2.0329192
