1000018.56 73.17925 37.083076
791679.06 60.30867 29.856531
626762.94 57.02283 23.692726
496195.8 55.19717 18.234625
392824.0 54.348454 14.041804
310996.88 54.03515 10.717433
246205.1 53.890156 8.004766
194922.8 53.85747 5.6860814
154310.8 54.103806 4.0759244
122170.06 54.246788 2.6872907
96719.125 54.373398 1.5121639
76566.21 54.77077 0.84671646
60616.465 55.16532 0.20654848
47988.42 55.487408 -0.15009862
38014.027 55.79759 -0.5295025
30080.912 56.023155 -0.68260455
23808.643 56.35168 -0.7014649
18853.918 56.630306 -0.7238589
14929.112 56.843567 -0.8274856
11811.533 56.88905 -0.8307329
9354.924 57.00226 -0.9247853
7540.311 57.22665 -0.81642604
5888.0977 57.365242 -0.854878
4641.4854 57.475784 -0.71990514
3676.1763 57.493835 -0.8583136
2910.9316 57.676365 -0.8939372
2302.7896 57.783596 -0.66559476
1823.2498 57.808056 -0.70870656
1443.6138 57.970524 -0.6838795
1142.4408 58.12477 -0.70934784
905.28955 58.18673 -0.73855716
716.1456 58.279163 -0.6697095
567.3602 58.35329 -0.71116567
448.99423 58.572285 -0.77824205
355.56894 58.716663 -0.69451416
281.5315 58.72192 -0.90074676
222.78993 58.715397 -0.78770083
176.41125 58.854717 -0.6610219
139.68707 58.931347 -0.90853107
110.45951 58.971367 -0.91276056
87.453354 59.25523 -0.7800817
69.31242 59.274185 -0.9459537
54.877075 59.43622 -1.0669893
43.40278 59.53894 -1.0559207
34.39465 59.793255 -1.0618728
27.202301 59.978237 -0.9830734
21.551723 60.01142 -1.2037716
17.057858 60.139133 -1.371711
13.500864 60.377598 -1.3847458
10.687415 60.60676 -1.3984483
8.455084 60.75537 -1.4098734
6.7002573 60.91129 -1.662959
5.307405 61.179512 -1.5748402
4.2002687 61.40114 -1.8105328
3.3272998 61.729008 -1.7312868
2.6304717 61.987236 -1.9327918
2.0822227 62.307022 -1.9394239
1.648207 62.652306 -2.070155
1.3068749 62.918827 -2.2502103
1.0344945 63.41539 -2.269783
0.8182344 63.6764 -2.2233617
0.6473732 64.12473 -2.4268413
0.5130352 64.44382 -2.4316096
0.4063085 64.88401 -2.4744244
0.32144913 65.267555 -2.5643156
0.25471115 65.58291 -2.6170075
0.20170659 65.94322 -2.6126962
0.15959513 66.29054 -2.631725
0.12620345 66.663246 -2.6597362
0.09990411 67.016884 -2.675648
