1000018.56 72.5169 36.59249
791679.06 60.21921 29.56376
626762.94 56.7539 23.390879
496195.8 54.8196 18.276756
392824.0 53.91923 14.186911
310996.88 53.623493 10.682047
246205.1 53.32388 8.050805
194922.8 53.417614 5.8223376
154310.8 53.618813 3.9285383
122170.06 53.85839 2.6687565
96719.125 53.99806 1.4831326
76566.21 54.461174 0.6769717
60616.465 54.745438 0.11013122
47988.42 54.982403 -0.39531496
38014.027 55.35172 -0.7507174
30080.912 55.708843 -1.022369
23808.643 55.972546 -1.0483999
18853.918 56.241837 -1.1471969
14929.112 56.580086 -1.2286469
11811.533 56.829357 -1.1555026
9354.924 57.003605 -1.1640369
7540.311 57.132782 -1.2052981
5888.0977 57.320683 -1.2470875
4641.4854 57.567204 -1.2140682
3676.1763 57.669636 -1.2916595
2910.9316 57.942924 -1.1976234
2302.7896 58.005882 -1.336525
1823.2498 58.20927 -1.2712291
1443.6138 58.403164 -1.1844573
1142.4408 58.656704 -1.3630222
905.28955 58.85608 -1.4563129
716.1456 58.978565 -1.335453
567.3602 59.206474 -1.4543437
448.99423 59.38779 -1.4659814
355.56894 59.603283 -1.3059772
281.5315 59.921307 -1.4662616
222.78993 60.049732 -1.2983167
176.41125 60.26427 -1.2400011
139.68707 60.411716 -1.4048444
110.45951 60.683395 -1.2133292
87.453354 60.798977 -1.1456517
69.31242 61.040974 -1.1216637
54.877075 61.108116 -1.1344348
43.40278 61.234142 -1.0396773
34.39465 61.494358 -1.0674734
27.202301 61.661613 -1.0575957
21.551723 61.677166 -0.86088556
17.057858 61.742256 -0.9285214
13.500864 61.901123 -0.9947145
10.687415 62.20989 -1.0756612
8.455084 62.278313 -0.961727
6.7002573 62.44032 -1.204868
5.307405 62.56455 -1.1197493
4.2002687 62.801937 -1.2118524
3.3272998 62.9916 -1.2493922
2.6304717 62.956097 -1.1771144
2.0822227 63.266476 -1.2610669
1.648207 63.48353 -1.507022
1.3068749 63.59813 -1.4751917
1.0344945 63.87567 -1.5848819
0.8182344 64.0768 -1.5380498
0.6473732 64.40929 -1.7149861
0.5130352 64.74132 -1.8346452
0.4063085 64.97402 -1.8346142
0.32144913 65.15211 -1.8899457
0.25471115 65.42408 -1.9096901
0.20170659 65.66479 -1.9527401
0.15959513 65.98371 -2.0358417
0.12620345 66.27935 -2.1110249
0.09990411 66.67908 -2.2772682
