1000018.56 72.28486 37.62714
791679.06 60.206142 29.546492
626762.94 56.68601 23.600004
496195.8 55.034557 18.302116
392824.0 54.115067 14.05028
310996.88 53.730938 10.587771
246205.1 53.712326 8.03581
194922.8 53.570583 5.6794357
154310.8 53.894386 4.0084944
122170.06 54.06066 2.5353034
96719.125 54.252285 1.3732169
76566.21 54.649677 0.55604166
60616.465 55.008793 -0.07401194
47988.42 55.3781 -0.42028883
38014.027 55.737198 -0.8366698
30080.912 56.02573 -1.1853577
23808.643 56.403725 -1.3370017
18853.918 56.725494 -1.3476484
14929.112 56.903835 -1.4021988
11811.533 57.246487 -1.5023991
9354.924 57.506676 -1.5769547
7540.311 57.653313 -1.5944034
5888.0977 57.862595 -1.7271237
4641.4854 58.250347 -1.5908625
3676.1763 58.42054 -1.8431014
2910.9316 58.668713 -1.7692208
2302.7896 58.941723 -2.1592965
1823.2498 59.07953 -2.0263186
1443.6138 59.38495 -2.166145
1142.4408 59.6719 -2.4621425
905.28955 59.994198 -2.561902
716.1456 60.34463 -2.7526164
567.3602 60.800365 -3.0228522
448.99423 61.098698 -3.1094704
355.56894 61.54366 -3.2929661
281.5315 62.034405 -3.8060465
222.78993 62.540794 -4.0944023
176.41125 63.09802 -4.428118
139.68707 63.573463 -4.881968
110.45951 64.1816 -5.496216
87.453354 64.967964 -6.0274596
69.31242 65.85583 -6.496726
54.877075 66.79419 -7.473158
43.40278 67.82101 -8.107485
34.39465 68.98331 -8.885382
27.202301 70.46064 -9.544486
21.551723 71.885345 -10.272618
17.057858 73.665695 -11.248083
13.500864 75.85026 -11.7725725
10.687415 77.806656 -12.207172
8.455084 79.93574 -12.554272
6.7002573 82.18988 -12.646805
5.307405 84.20469 -12.563004
4.2002687 86.74254 -12.338176
3.3272998 88.73248 -11.825799
2.6304717 90.584236 -11.536796
2.0822227 92.33816 -10.821029
1.648207 94.18133 -10.283712
1.3068749 95.76007 -9.756228
1.0344945 97.27636 -8.949591
0.8182344 98.57082 -8.446485
0.6473732 99.64789 -8.01118
0.5130352 100.46722 -7.4649673
0.4063085 101.28068 -7.0286703
0.32144913 102.216934 -6.475912
0.25471115 103.07915 -6.1528454
0.20170659 103.98803 -5.679357
0.15959513 105.06852 -5.611507
0.12620345 105.92473 -5.6707397
0.09990411 106.883766 -6.0497785
