1000018.56 70.12647 37.34451
791679.06 60.54382 29.638807
626762.94 56.589874 23.455904
496195.8 54.840744 18.349836
392824.0 53.93548 14.1723175
310996.88 53.756508 10.814413
246205.1 53.560337 8.074782
194922.8 53.37221 5.798871
154310.8 53.63804 3.9072568
122170.06 53.737312 2.4976785
96719.125 54.138233 1.4464183
76566.21 54.551823 0.48999047
60616.465 54.763878 -0.03052826
47988.42 55.22953 -0.47865298
38014.027 55.514915 -0.63688153
30080.912 55.86504 -1.0857716
23808.643 56.247887 -1.198679
18853.918 56.383915 -1.293013
14929.112 56.694046 -1.1879725
11811.533 56.951283 -1.2816043
9354.924 57.122013 -1.326145
7540.311 57.25921 -1.4817405
5888.0977 57.59262 -1.3091125
4641.4854 57.771103 -1.5197105
3676.1763 57.94374 -1.483884
2910.9316 58.2148 -1.539379
2302.7896 58.448334 -1.3988388
1823.2498 58.63544 -1.6960897
1443.6138 58.680267 -1.7658743
1142.4408 59.107788 -1.9267635
905.28955 59.29889 -1.9222099
716.1456 59.667774 -2.1321683
567.3602 59.91412 -2.2570794
448.99423 60.29228 -2.4295354
355.56894 60.59764 -2.4012249
281.5315 60.884663 -2.744558
222.78993 61.491158 -2.7906797
176.41125 61.72236 -2.8966727
139.68707 62.240105 -2.8942366
110.45951 62.854317 -3.180576
87.453354 63.31118 -3.2504199
69.31242 63.89486 -3.2791355
54.877075 64.389404 -3.3354728
43.40278 64.95345 -3.2815466
34.39465 65.29917 -3.2653654
27.202301 66.03425 -3.2752123
21.551723 66.705734 -3.1729188
17.057858 67.128235 -2.95609
13.500864 67.499954 -2.7778926
10.687415 68.07463 -2.62231
8.455084 68.220375 -2.4757545
6.7002573 68.7287 -2.5388312
5.307405 69.08999 -2.3374016
4.2002687 69.341034 -2.2002075
3.3272998 69.51077 -2.2466342
2.6304717 70.06005 -2.1268628
2.0822227 70.36271 -2.0939705
1.648207 70.4342 -2.0055625
1.3068749 70.84718 -2.169898
1.0344945 71.10757 -1.9031262
0.8182344 71.40574 -2.002209
0.6473732 71.78807 -1.9435949
0.5130352 72.08677 -1.938183
0.4063085 72.39237 -1.8494778
0.32144913 72.69222 -1.8237479
0.25471115 72.94742 -1.8409098
0.20170659 73.196594 -1.8691455
0.15959513 73.442245 -1.8360921
0.12620345 73.63176 -1.8303947
0.09990411 73.9102 -1.7993364
