1000018.56 72.46626 36.50185
791679.06 60.523376 29.646933
626762.94 57.426052 22.982979
496195.8 55.509827 18.01064
392824.0 54.504253 13.851365
310996.88 54.38882 10.589271
246205.1 54.20341 7.7915387
194922.8 54.18242 5.590996
154310.8 54.392242 3.8616855
122170.06 54.63252 2.5637574
96719.125 55.04532 1.4816736
76566.21 55.29924 0.7079279
60616.465 55.523674 0.22803527
47988.42 55.79293 -0.063700326
38014.027 56.14467 -0.34498742
30080.912 56.427185 -0.5857184
23808.643 56.622353 -0.6903602
18853.918 56.83171 -0.73514295
14929.112 56.986134 -0.64861524
11811.533 57.21697 -0.7754746
9354.924 57.273113 -0.82893527
7540.311 57.320274 -0.85861534
5888.0977 57.44696 -0.7714871
4641.4854 57.572617 -0.76466733
3676.1763 57.71001 -0.7505483
2910.9316 57.853745 -0.790608
2302.7896 57.937912 -0.8831949
1823.2498 58.03633 -0.804071
1443.6138 58.111916 -0.80142474
1142.4408 58.288933 -0.93271136
905.28955 58.445683 -0.9647995
716.1456 58.373283 -1.1198448
567.3602 58.78799 -0.99344224
448.99423 58.694965 -1.2666578
355.56894 59.02676 -1.3259692
281.5315 59.098186 -1.2976707
222.78993 59.39845 -1.4873325
176.41125 59.44794 -1.6742399
139.68707 59.74028 -1.7591925
110.45951 59.88377 -2.0267172
87.453354 60.32443 -2.263495
69.31242 60.536907 -2.5435336
54.877075 60.911797 -2.5774202
43.40278 61.130703 -2.8340824
34.39465 61.492577 -3.009337
27.202301 62.08319 -3.4642
21.551723 62.387188 -3.9348483
17.057858 62.98324 -4.3802876
13.500864 63.368835 -4.763561
10.687415 64.03549 -5.376216
8.455084 64.55689 -6.063372
6.7002573 65.237366 -6.693133
5.307405 66.07358 -7.7776976
4.2002687 66.95764 -8.851513
3.3272998 67.80343 -9.94706
2.6304717 69.032364 -11.450306
2.0822227 70.32265 -13.017937
1.648207 72.20213 -15.171454
1.3068749 73.66143 -17.27411
1.0344945 75.8918 -19.448746
0.8182344 78.58811 -22.1757
0.6473732 81.46354 -25.456642
0.5130352 84.278275 -28.580051
0.4063085 88.24521 -32.002193
0.32144913 92.76346 -36.062847
0.25471115 97.6864 -41.0386
0.20170659 102.444145 -46.076603
0.15959513 108.15089 -51.290474
0.12620345 114.96263 -57.044594
0.09990411 122.56475 -63.8417
