1000018.56 72.08306 37.515797
791679.06 60.624138 29.68808
626762.94 57.03485 23.503824
496195.8 55.138126 18.147207
392824.0 54.344345 13.974338
310996.88 53.945213 10.586901
246205.1 53.843 7.862864
194922.8 53.881325 5.805581
154310.8 54.081913 3.9944408
122170.06 54.28514 2.5762994
96719.125 54.540985 1.4745071
76566.21 54.835636 0.82895404
60616.465 55.259235 0.32540554
47988.42 55.55464 -0.18995099
38014.027 55.892414 -0.4840514
30080.912 56.011604 -0.58518595
23808.643 56.35798 -0.6200896
18853.918 56.480553 -0.7589633
14929.112 56.646362 -0.7715938
11811.533 56.74619 -0.7539519
9354.924 56.942696 -0.8608007
7540.311 57.06046 -0.78638697
5888.0977 57.228516 -0.69352126
4641.4854 57.276947 -0.74295956
3676.1763 57.43516 -0.8326332
2910.9316 57.570057 -0.757187
2302.7896 57.617138 -0.6837808
1823.2498 57.787212 -0.72564375
1443.6138 57.772106 -0.8358569
1142.4408 58.028595 -0.79989207
905.28955 58.1611 -0.91843784
716.1456 58.234665 -0.70977247
567.3602 58.268353 -0.9907819
448.99423 58.600983 -0.95196635
355.56894 58.49158 -1.075757
281.5315 58.748783 -1.0405077
222.78993 59.03145 -1.3213528
176.41125 59.030018 -1.2765294
139.68707 59.262505 -1.3804897
110.45951 59.479683 -1.4613534
87.453354 59.55693 -1.3505353
69.31242 59.775097 -1.4514182
54.877075 60.017025 -1.6159551
43.40278 60.288235 -1.4762713
34.39465 60.31625 -1.6710513
27.202301 60.865242 -1.8014745
21.551723 60.92452 -1.8916095
17.057858 61.180126 -2.0194447
13.500864 61.458767 -2.1042087
10.687415 61.727272 -2.233627
8.455084 62.06916 -2.3200417
6.7002573 62.43826 -2.41506
5.307405 62.783886 -2.4986677
4.2002687 63.14827 -2.8183134
3.3272998 63.575157 -2.9508219
2.6304717 64.036644 -3.1787658
2.0822227 64.447395 -3.2082376
1.648207 64.93319 -3.6026762
1.3068749 65.57352 -3.7439463
1.0344945 66.125565 -4.209323
0.8182344 66.7519 -4.529064
0.6473732 67.334305 -4.7499433
0.5130352 67.9756 -4.897507
0.4063085 68.69833 -5.0682406
0.32144913 69.54638 -5.326819
0.25471115 70.40384 -5.5273066
0.20170659 71.36755 -5.839549
0.15959513 72.39485 -6.3110394
0.12620345 73.28746 -6.908611
0.09990411 74.075165 -7.4608035
