1000018.56 71.12524 37.024246
791679.06 60.567844 29.874249
626762.94 56.612484 23.52352
496195.8 55.140312 18.140505
392824.0 54.353065 13.995979
310996.88 53.90438 10.775026
246205.1 53.78482 7.9297566
194922.8 53.840046 5.7637377
154310.8 54.021835 4.071663
122170.06 54.17422 2.6379645
96719.125 54.33839 1.5437471
76566.21 54.83494 0.74858594
60616.465 55.08779 0.214654
47988.42 55.42188 -0.27290446
38014.027 55.770134 -0.587118
30080.912 56.042984 -0.7418016
23808.643 56.207256 -0.8129307
18853.918 56.56884 -1.0108293
14929.112 56.716824 -0.9159244
11811.533 56.909004 -0.8592828
9354.924 57.066273 -0.807213
7540.311 57.26205 -0.8134268
5888.0977 57.433804 -0.77535754
4641.4854 57.418354 -0.77954584
3676.1763 57.617096 -0.7555552
2910.9316 57.747414 -0.7338941
2302.7896 57.96657 -0.63044626
1823.2498 57.915096 -0.5616249
1443.6138 57.919605 -0.6260164
1142.4408 58.093662 -0.65783936
905.28955 58.19376 -0.59571093
716.1456 58.2586 -0.5517663
567.3602 58.323723 -0.5898206
448.99423 58.39465 -0.5781777
355.56894 58.39797 -0.42415914
281.5315 58.517036 -0.51804197
222.78993 58.675922 -0.47703257
176.41125 58.57497 -0.4425384
139.68707 58.683807 -0.52600163
110.45951 58.87034 -0.52780163
87.453354 58.841644 -0.5258012
69.31242 58.99912 -0.49223292
54.877075 59.008842 -0.56177247
43.40278 59.088844 -0.71192485
34.39465 59.16715 -0.7242487
27.202301 59.262203 -0.63986194
21.551723 59.451267 -0.6248406
17.057858 59.373024 -0.7668523
13.500864 59.551132 -0.83009005
10.687415 59.640198 -0.8075776
8.455084 59.8418 -0.86902404
6.7002573 60.02551 -0.9131373
5.307405 60.134106 -1.0160012
4.2002687 60.213867 -1.2045557
3.3272998 60.353985 -1.141244
2.6304717 60.512707 -1.2269478
2.0822227 60.68907 -1.3518791
1.648207 60.999695 -1.4161457
1.3068749 61.261375 -1.4882842
1.0344945 61.408077 -1.54922
0.8182344 61.62507 -1.5207242
0.6473732 61.884052 -1.5875778
0.5130352 62.118687 -1.6439366
0.4063085 62.458473 -1.6899393
0.32144913 62.688614 -1.7972262
0.25471115 62.954468 -1.8393369
0.20170659 63.207375 -1.9002708
0.15959513 63.417995 -1.9262146
0.12620345 63.66456 -1.9575983
0.09990411 63.928093 -2.0346155
