1000018.56 72.94937 37.427376
791679.06 60.6157 29.96884
626762.94 56.91038 23.29656
496195.8 55.182766 18.145584
392824.0 54.300903 14.110552
310996.88 53.985405 10.784944
246205.1 53.798412 8.077045
194922.8 53.888004 5.790951
154310.8 53.95975 4.0362973
122170.06 54.109707 2.6252313
96719.125 54.63168 1.5387292
76566.21 54.8804 0.843659
60616.465 55.027008 0.2017405
47988.42 55.483593 -0.2621277
38014.027 55.75609 -0.56419134
30080.912 55.983055 -0.68964666
23808.643 56.24577 -0.86612546
18853.918 56.712334 -0.91319925
14929.112 56.731003 -0.838651
11811.533 56.97749 -0.99048567
9354.924 57.12935 -0.9247423
7540.311 57.227356 -0.9395226
5888.0977 57.381077 -0.8287524
4641.4854 57.62316 -0.7587746
3676.1763 57.742855 -0.6926759
2910.9316 57.789642 -0.60254264
2302.7896 57.95697 -0.6178684
1823.2498 58.02408 -0.6742045
1443.6138 58.173973 -0.59975296
1142.4408 58.276268 -0.6030865
905.28955 58.20812 -0.5301484
716.1456 58.393345 -0.5371312
567.3602 58.381504 -0.499654
448.99423 58.51763 -0.43976557
355.56894 58.629246 -0.5153443
281.5315 58.58495 -0.5032788
222.78993 58.66121 -0.5348933
176.41125 58.785275 -0.4344569
139.68707 58.817425 -0.5168446
110.45951 58.76442 -0.39151955
87.453354 58.875957 -0.5631795
69.31242 59.03637 -0.50163704
54.877075 59.14069 -0.62900543
43.40278 59.09607 -0.52324444
34.39465 59.152245 -0.6163029
27.202301 59.481117 -0.6798968
21.551723 59.38295 -0.73693866
17.057858 59.561356 -0.77892417
13.500864 59.594612 -0.71826726
10.687415 59.639713 -0.78041375
8.455084 59.815514 -0.8552537
6.7002573 59.83092 -0.8972922
5.307405 60.212967 -1.0264735
4.2002687 60.290897 -1.0450927
3.3272998 60.39 -1.0959321
2.6304717 60.465607 -1.177391
2.0822227 60.728672 -1.256719
1.648207 60.8631 -1.3226911
1.3068749 61.092957 -1.4610503
1.0344945 61.450188 -1.3947172
0.8182344 61.665344 -1.6107144
0.6473732 61.913734 -1.5929165
0.5130352 62.11913 -1.7391825
0.4063085 62.393143 -1.7740234
0.32144913 62.5868 -1.8394419
0.25471115 62.850567 -1.8137658
0.20170659 63.16154 -1.8269186
0.15959513 63.432014 -1.9114313
0.12620345 63.734604 -1.9664965
0.09990411 64.07354 -2.086069
