1000018.56 71.5282 38.08793
791679.06 60.123497 29.933706
626762.94 56.852585 23.318691
496195.8 55.071087 18.148518
392824.0 54.011158 14.158385
310996.88 53.757545 10.711214
246205.1 53.66481 7.9290223
194922.8 53.70669 5.812845
154310.8 53.683697 3.9478493
122170.06 53.987335 2.713945
96719.125 54.2003 1.654527
76566.21 54.486996 0.73722243
60616.465 54.994583 0.20617801
47988.42 55.27208 -0.3007356
38014.027 55.50601 -0.571705
30080.912 55.76815 -0.7364026
23808.643 56.11966 -0.863685
18853.918 56.36451 -0.8807705
14929.112 56.5126 -0.9088426
11811.533 56.722164 -0.85894555
9354.924 56.94947 -0.91568595
7540.311 57.11949 -0.8758765
5888.0977 57.154613 -0.88929117
4641.4854 57.439247 -0.80436283
3676.1763 57.47937 -0.7667233
2910.9316 57.679108 -0.6106994
2302.7896 57.677994 -0.5962706
1823.2498 57.805416 -0.7554695
1443.6138 57.922245 -0.5591543
1142.4408 58.013287 -0.5579189
905.28955 57.991245 -0.60613286
716.1456 58.062393 -0.5193813
567.3602 58.181145 -0.53143585
448.99423 58.197388 -0.41854468
355.56894 58.217556 -0.43435776
281.5315 58.388783 -0.47434488
222.78993 58.452805 -0.48643723
176.41125 58.44963 -0.556852
139.68707 58.50763 -0.50513434
110.45951 58.617844 -0.53417563
87.453354 58.715237 -0.51001024
69.31242 58.772064 -0.40244192
54.877075 58.67397 -0.46449053
43.40278 58.818108 -0.6114734
34.39465 58.96732 -0.5684007
27.202301 58.973614 -0.4913575
21.551723 59.147026 -0.7014398
17.057858 59.187347 -0.6572545
13.500864 59.303608 -0.73455405
10.687415 59.457504 -0.78039694
8.455084 59.56882 -0.7955917
6.7002573 59.632137 -0.94945574
5.307405 59.79158 -0.8489889
4.2002687 59.809444 -1.0753393
3.3272998 60.004967 -1.0486404
2.6304717 60.23673 -1.3559382
2.0822227 60.42967 -1.2319843
1.648207 60.57287 -1.4646071
1.3068749 60.77653 -1.5057712
1.0344945 61.02312 -1.5083448
0.8182344 61.301258 -1.605528
0.6473732 61.534523 -1.7435588
0.5130352 61.830345 -1.7091283
0.4063085 62.18585 -1.831031
0.32144913 62.445583 -1.9449607
0.25471115 62.6604 -2.0635214
0.20170659 62.92203 -2.1215732
0.15959513 63.159332 -2.1828547
0.12620345 63.5239 -2.25644
0.09990411 63.828564 -2.3413765
