1000018.56 71.65798 38.64245
791679.06 60.319572 30.083862
626762.94 56.974457 23.282839
496195.8 55.027622 18.272604
392824.0 54.10922 14.167133
310996.88 53.74579 10.752483
246205.1 53.69804 8.004818
194922.8 53.66784 5.7374444
154310.8 53.82331 3.8299565
122170.06 54.005314 2.599622
96719.125 54.359375 1.3947111
76566.21 54.665817 0.57032084
60616.465 55.075806 -0.06768426
47988.42 55.36541 -0.51328903
38014.027 55.686855 -0.7804669
30080.912 56.012268 -1.1947658
23808.643 56.369297 -1.3161834
18853.918 56.650963 -1.3526154
14929.112 57.06431 -1.46067
11811.533 57.23468 -1.4547195
9354.924 57.500324 -1.5608687
7540.311 57.809433 -1.5238277
5888.0977 58.011528 -1.7086256
4641.4854 58.187946 -1.6596416
3676.1763 58.246727 -1.7446607
2910.9316 58.564827 -1.70307
2302.7896 58.81447 -1.8719118
1823.2498 59.066624 -2.0041423
1443.6138 59.336918 -2.0611107
1142.4408 59.55753 -2.2749014
905.28955 59.94706 -2.3485458
716.1456 60.257217 -2.510469
567.3602 60.548317 -2.7743502
448.99423 60.96365 -2.8801272
355.56894 61.36794 -3.2137835
281.5315 61.683765 -3.5424716
222.78993 62.31571 -3.7969344
176.41125 62.99426 -4.0878034
139.68707 63.42315 -4.336395
110.45951 63.9874 -4.9475937
87.453354 64.695435 -5.4122825
69.31242 65.64191 -5.775013
54.877075 66.43404 -6.1740284
43.40278 67.460266 -6.638278
34.39465 68.56501 -7.286453
27.202301 69.71825 -7.667006
21.551723 70.952065 -7.939699
17.057858 72.32557 -8.1850815
13.500864 73.94855 -8.5170355
10.687415 75.35651 -8.458469
8.455084 76.92862 -8.443645
6.7002573 78.49409 -8.274813
5.307405 79.76664 -7.9618235
4.2002687 80.77027 -7.557655
3.3272998 81.94736 -7.197578
2.6304717 83.17331 -6.5551825
2.0822227 84.22444 -6.3392043
1.648207 85.23053 -5.879814
1.3068749 85.73956 -5.663987
1.0344945 86.64862 -5.2280498
0.8182344 87.493706 -4.881437
0.6473732 88.11121 -4.5730987
0.5130352 88.858475 -4.402817
0.4063085 89.15367 -4.336507
0.32144913 89.72504 -4.121119
0.25471115 90.299736 -3.911656
0.20170659 90.748886 -3.6935933
0.15959513 91.269264 -3.5419605
0.12620345 91.87851 -3.519435
0.09990411 92.42021 -3.5837023
