1000018.56 72.28213 38.26116
791679.06 60.11316 29.59785
626762.94 56.6682 23.207438
496195.8 54.960617 18.157099
392824.0 54.04238 13.997884
310996.88 53.692104 10.681409
246205.1 53.6165 7.9537616
194922.8 53.65144 5.7865524
154310.8 53.80965 3.8954406
122170.06 54.044304 2.7369711
96719.125 54.330013 1.6816286
76566.21 54.601933 0.8500393
60616.465 54.93011 0.29024747
47988.42 55.093292 -0.112599134
38014.027 55.43294 -0.34577984
30080.912 55.8224 -0.6361325
23808.643 56.05153 -0.70804787
18853.918 56.169098 -0.82281995
14929.112 56.41338 -0.84761286
11811.533 56.57253 -0.7144825
9354.924 56.635696 -0.73265046
7540.311 56.692852 -0.71831214
5888.0977 56.873474 -0.7351006
4641.4854 57.109684 -0.82201445
3676.1763 57.212902 -0.85514975
2910.9316 57.334557 -0.80443704
2302.7896 57.28056 -0.70967853
1823.2498 57.49808 -0.7058036
1443.6138 57.525303 -0.751548
1142.4408 57.703064 -0.86588013
905.28955 57.966373 -0.77273047
716.1456 57.99724 -0.8814178
567.3602 58.018635 -0.7901371
448.99423 58.17162 -0.9004202
355.56894 58.19834 -0.85393494
281.5315 58.385265 -0.8908619
222.78993 58.47223 -0.93237096
176.41125 58.71499 -0.9384542
139.68707 58.903236 -0.9877079
110.45951 58.9386 -1.084509
87.453354 59.19948 -1.0314753
69.31242 59.273598 -1.1479616
54.877075 59.43614 -1.2339793
43.40278 59.689327 -1.3350465
34.39465 59.912304 -1.419656
27.202301 60.03261 -1.4935145
21.551723 60.169106 -1.6373793
17.057858 60.38261 -1.529315
13.500864 60.736214 -1.8520039
10.687415 61.034782 -1.732362
8.455084 61.267616 -1.8520732
6.7002573 61.42467 -2.0999973
5.307405 61.781986 -2.0869496
4.2002687 62.04613 -2.335824
3.3272998 62.423645 -2.4491186
2.6304717 62.91468 -2.7209373
2.0822227 63.29856 -2.733127
1.648207 63.699078 -2.9060726
1.3068749 64.11728 -3.1461232
1.0344945 64.68084 -3.3420842
0.8182344 65.112526 -3.453548
0.6473732 65.7512 -3.7127726
0.5130352 66.40067 -3.716715
0.4063085 66.86766 -4.074138
0.32144913 67.37425 -4.235764
0.25471115 67.99084 -4.353233
0.20170659 68.6436 -4.4386034
0.15959513 69.25633 -4.5221486
0.12620345 70.03675 -4.6523376
0.09990411 70.85752 -4.8540297
