1000018.56 72.042625 36.553555
791679.06 60.42797 29.830349
626762.94 57.085354 23.47397
496195.8 55.227646 18.309671
392824.0 54.349888 14.0416355
310996.88 53.975468 10.693654
246205.1 53.911064 7.986096
194922.8 53.896152 5.906647
154310.8 54.058975 3.9735606
122170.06 54.31141 2.6170793
96719.125 54.63705 1.662648
76566.21 54.894875 0.87206346
60616.465 55.211567 0.13735753
47988.42 55.647564 -0.15259388
38014.027 55.826157 -0.5228468
30080.912 56.06659 -0.6899254
23808.643 56.411964 -1.0014812
18853.918 56.62629 -0.8985442
14929.112 56.774284 -0.9793453
11811.533 56.94582 -0.881499
9354.924 57.153168 -0.85881335
7540.311 57.369183 -0.88562024
5888.0977 57.524357 -0.86351913
4641.4854 57.6723 -0.8683926
3676.1763 57.679672 -0.6959868
2910.9316 57.895267 -0.7052933
2302.7896 57.934406 -0.64571923
1823.2498 58.02777 -0.60721165
1443.6138 57.937572 -0.6807554
1142.4408 58.21731 -0.638265
905.28955 58.25669 -0.5804084
716.1456 58.38656 -0.5155738
567.3602 58.47545 -0.55394644
448.99423 58.516376 -0.52184993
355.56894 58.689625 -0.5089162
281.5315 58.606663 -0.55942273
222.78993 58.654648 -0.45520785
176.41125 58.825706 -0.50251204
139.68707 58.89727 -0.55664253
110.45951 58.8806 -0.60881054
87.453354 58.875916 -0.6211547
69.31242 59.092373 -0.69601953
54.877075 59.00358 -0.66341317
43.40278 59.242584 -0.6780248
34.39465 59.348732 -0.7815762
27.202301 59.34771 -0.644007
21.551723 59.56404 -0.8238946
17.057858 59.60258 -0.6976301
13.500864 59.739426 -0.8673441
10.687415 59.960182 -0.8261266
8.455084 59.981106 -0.890087
6.7002573 60.12859 -0.9518978
5.307405 60.219208 -1.0303105
4.2002687 60.471806 -1.1208788
3.3272998 60.551754 -1.2343388
2.6304717 60.75861 -1.2126276
2.0822227 61.04484 -1.4293969
1.648207 61.17434 -1.305134
1.3068749 61.4552 -1.4289819
1.0344945 61.55279 -1.5270877
0.8182344 61.82869 -1.5748235
0.6473732 62.201267 -1.6480026
0.5130352 62.36816 -1.6570587
0.4063085 62.66665 -1.6863747
0.32144913 63.001095 -1.6964833
0.25471115 63.221485 -1.7876123
0.20170659 63.437534 -1.8653204
0.15959513 63.69628 -1.936659
0.12620345 63.880295 -1.9390118
0.09990411 64.13662 -2.0181928
