1000018.56 72.53208 37.494114
791679.06 60.258247 29.7049
626762.94 56.766224 23.392233
496195.8 54.997047 18.278812
392824.0 54.201298 14.054457
310996.88 53.74114 10.76536
246205.1 53.736645 8.047571
194922.8 53.56962 5.760116
154310.8 53.797504 4.055895
122170.06 53.94597 2.6202
96719.125 54.27056 1.5364152
76566.21 54.578953 0.7490812
60616.465 54.954044 0.16534692
47988.42 55.302345 -0.28589523
38014.027 55.525078 -0.6008148
30080.912 55.902386 -0.814232
23808.643 56.237057 -0.86356723
18853.918 56.243008 -0.944082
14929.112 56.57959 -0.9079483
11811.533 56.77357 -0.9604704
9354.924 56.90466 -0.8994101
7540.311 57.155125 -0.7899196
5888.0977 57.35872 -0.9850441
4641.4854 57.414856 -0.826258
3676.1763 57.532356 -0.93897015
2910.9316 57.737617 -0.779428
2302.7896 57.815186 -0.72522295
1823.2498 57.826 -0.77070665
1443.6138 57.919235 -0.6759478
1142.4408 58.104443 -0.5812745
905.28955 58.25567 -0.6357858
716.1456 58.235016 -0.4773038
567.3602 58.249485 -0.5869044
448.99423 58.593582 -0.52043974
355.56894 58.519215 -0.3928142
281.5315 58.56442 -0.46510124
222.78993 58.6064 -0.5674187
176.41125 58.6991 -0.64010525
139.68707 58.751465 -0.46659592
110.45951 58.744473 -0.5275872
87.453354 58.894318 -0.5819373
69.31242 58.940117 -0.55176675
54.877075 58.997784 -0.64524436
43.40278 59.108387 -0.55424225
34.39465 59.032387 -0.55869544
27.202301 59.215557 -0.6168734
21.551723 59.21052 -0.6327589
17.057858 59.278267 -0.6728199
13.500864 59.548412 -0.7865666
10.687415 59.60713 -0.687189
8.455084 59.72018 -0.8704177
6.7002573 59.862293 -0.911601
5.307405 59.995525 -0.9465492
4.2002687 60.085743 -1.0366178
3.3272998 60.187645 -1.1628493
2.6304717 60.460308 -1.3004029
2.0822227 60.631397 -1.3718306
1.648207 60.84201 -1.3682134
1.3068749 61.071144 -1.5701292
1.0344945 61.220207 -1.6111311
0.8182344 61.423927 -1.7020984
0.6473732 61.781567 -1.7307966
0.5130352 61.98298 -1.8454412
0.4063085 62.29547 -1.852741
0.32144913 62.632866 -1.9679742
0.25471115 62.983677 -2.0482485
0.20170659 63.24835 -2.2136054
0.15959513 63.509983 -2.3516095
0.12620345 63.76332 -2.4671497
0.09990411 64.05452 -2.6220617
