1000018.56 71.62942 36.87948
791679.06 60.398384 29.636591
626762.94 57.03282 23.659689
496195.8 55.092205 18.195425
392824.0 54.269325 14.1314125
310996.88 53.79927 10.744673
246205.1 53.756126 8.013596
194922.8 53.6833 5.8352695
154310.8 53.824425 4.0384383
122170.06 54.0831 2.6078832
96719.125 54.32901 1.5805424
76566.21 54.624832 0.8016944
60616.465 55.00017 0.19555593
47988.42 55.29854 -0.26094854
38014.027 55.61808 -0.6203614
30080.912 55.97081 -0.76095355
23808.643 56.182896 -0.90059763
18853.918 56.508205 -1.0448725
14929.112 56.70619 -0.98447615
11811.533 56.8572 -0.8843187
9354.924 57.08464 -0.9838123
7540.311 57.13788 -0.92264414
5888.0977 57.40774 -0.9149162
4641.4854 57.57206 -0.89791524
3676.1763 57.62331 -0.70992637
2910.9316 57.688828 -0.7755929
2302.7896 57.81732 -0.7473046
1823.2498 57.966785 -0.6897462
1443.6138 57.94958 -0.7212268
1142.4408 58.079712 -0.55424565
905.28955 58.212154 -0.61125666
716.1456 58.267544 -0.46473503
567.3602 58.368187 -0.57157004
448.99423 58.433666 -0.5075157
355.56894 58.512077 -0.42985252
281.5315 58.47541 -0.5728858
222.78993 58.546753 -0.46366927
176.41125 58.768005 -0.5845287
139.68707 58.772255 -0.43404016
110.45951 58.775646 -0.48471728
87.453354 58.817062 -0.55252385
69.31242 58.82703 -0.4629215
54.877075 58.83403 -0.52282757
43.40278 59.079807 -0.48702294
34.39465 59.130257 -0.55563956
27.202301 59.26686 -0.662404
21.551723 59.277245 -0.6170178
17.057858 59.48064 -0.6786237
13.500864 59.463665 -0.64197665
10.687415 59.569473 -0.85795885
8.455084 59.738533 -0.79696447
6.7002573 59.772068 -0.8726969
5.307405 59.912903 -1.0774845
4.2002687 60.13314 -1.047356
3.3272998 60.14873 -1.0782843
2.6304717 60.36435 -1.2200575
2.0822227 60.605137 -1.3529676
1.648207 60.684143 -1.3966837
1.3068749 61.071827 -1.4757532
1.0344945 61.21505 -1.6197703
0.8182344 61.45287 -1.6139632
0.6473732 61.762337 -1.6865529
0.5130352 61.9721 -1.7783184
0.4063085 62.32804 -1.8884419
0.32144913 62.608147 -1.9352396
0.25471115 62.926304 -2.048823
0.20170659 63.240517 -2.1754673
0.15959513 63.51259 -2.2858162
0.12620345 63.755157 -2.4907272
0.09990411 64.03523 -2.5158298
