1000018.56 70.24643 37.505028
791679.06 60.46678 29.809416
626762.94 56.83112 23.500504
496195.8 55.18308 18.357891
392824.0 54.222492 14.005175
310996.88 53.7077 10.7911005
246205.1 53.58345 8.158204
194922.8 53.675716 5.776521
154310.8 53.706524 4.007389
122170.06 53.934864 2.5227542
96719.125 54.26315 1.4783623
76566.21 54.55075 0.5192369
60616.465 54.91843 -0.08564294
47988.42 55.266083 -0.57471186
38014.027 55.65331 -0.9583523
30080.912 56.01482 -1.0346699
23808.643 56.485416 -1.2838765
18853.918 56.592846 -1.3274933
14929.112 56.887306 -1.3931026
11811.533 57.125977 -1.4817885
9354.924 57.46726 -1.4819915
7540.311 57.465416 -1.5401698
5888.0977 57.800064 -1.3736693
4641.4854 58.085865 -1.4175104
3676.1763 58.379883 -1.65673
2910.9316 58.56779 -1.5643774
2302.7896 58.654255 -1.8022584
1823.2498 58.930428 -1.7551081
1443.6138 59.16816 -1.8981302
1142.4408 59.397263 -2.0450017
905.28955 59.793358 -1.9933991
716.1456 60.063713 -2.2921457
567.3602 60.431267 -2.4466
448.99423 60.73146 -2.611028
355.56894 61.08299 -2.9097855
281.5315 61.470158 -3.0316904
222.78993 61.985767 -3.29814
176.41125 62.514294 -3.4483469
139.68707 62.87687 -3.80716
110.45951 63.404583 -4.0543656
87.453354 64.17421 -4.322815
69.31242 64.871376 -4.4778013
54.877075 65.4242 -4.762833
43.40278 66.40547 -5.024368
34.39465 67.27042 -5.0369105
27.202301 68.143036 -5.1353908
21.551723 69.036644 -5.140181
17.057858 69.89374 -5.085439
13.500864 70.76873 -5.0509415
10.687415 71.666145 -4.660221
8.455084 72.35737 -4.513512
6.7002573 73.065834 -4.3415356
5.307405 73.64541 -4.057744
4.2002687 74.2963 -3.8022301
3.3272998 74.730965 -3.6517348
2.6304717 75.35622 -3.3329203
2.0822227 75.88732 -3.1866312
1.648207 76.192116 -3.1701286
1.3068749 76.66526 -2.9973683
1.0344945 77.03963 -2.9243596
0.8182344 77.50597 -2.8652644
0.6473732 77.77478 -2.6406171
0.5130352 78.32143 -2.5473125
0.4063085 78.655464 -2.3809075
0.32144913 79.08808 -2.3241534
0.25471115 79.46118 -2.3184862
0.20170659 79.749275 -2.3689063
0.15959513 80.03289 -2.352335
0.12620345 80.270256 -2.3492353
0.09990411 80.52254 -2.2819266
