1000018.56 71.4329 38.797577
791679.06 60.499775 29.789488
626762.94 56.799606 23.598427
496195.8 55.07231 18.220116
392824.0 54.11112 14.073104
310996.88 53.712276 10.89912
246205.1 53.658646 7.997924
194922.8 53.58113 5.788284
154310.8 53.860207 3.9385371
122170.06 53.982388 2.5981567
96719.125 54.2922 1.5796852
76566.21 54.72614 0.6836142
60616.465 55.023247 0.09553153
47988.42 55.365154 -0.4049758
38014.027 55.585014 -0.64590627
30080.912 55.977196 -0.87799877
23808.643 56.258476 -0.99539524
18853.918 56.523216 -1.0392442
14929.112 56.64064 -1.1365639
11811.533 57.04127 -0.9940278
9354.924 57.24269 -0.97051674
7540.311 57.393044 -0.99663824
5888.0977 57.399544 -0.9845543
4641.4854 57.551235 -1.0497963
3676.1763 57.655262 -0.935147
2910.9316 57.89818 -0.8929494
2302.7896 58.028336 -0.975178
1823.2498 58.160847 -0.6836866
1443.6138 58.28175 -0.7396494
1142.4408 58.435886 -0.8782058
905.28955 58.617435 -0.70729434
716.1456 58.499054 -0.71187115
567.3602 58.673027 -0.62998307
448.99423 59.01188 -0.6193757
355.56894 58.87331 -0.63247484
281.5315 59.06094 -0.6297785
222.78993 59.159977 -0.53922874
176.41125 59.21578 -0.57667726
139.68707 59.284565 -0.70109534
110.45951 59.31765 -0.515478
87.453354 59.46573 -0.53187263
69.31242 59.40221 -0.5416332
54.877075 59.611683 -0.57826215
43.40278 59.714474 -0.64978105
34.39465 59.774162 -0.6856814
27.202301 59.830868 -0.6057893
21.551723 59.8359 -0.69607705
17.057858 59.867493 -0.5731583
13.500864 60.088318 -0.78183985
10.687415 60.127598 -0.7927106
8.455084 60.336136 -0.88641673
6.7002573 60.415363 -1.0076121
5.307405 60.516487 -0.9574469
4.2002687 60.643192 -0.98479646
3.3272998 60.87052 -1.1125004
2.6304717 60.898563 -1.2208015
2.0822227 61.063957 -1.3979672
1.648207 61.366573 -1.4190279
1.3068749 61.569466 -1.4593667
1.0344945 61.942226 -1.4790629
0.8182344 62.209476 -1.5977278
0.6473732 62.386086 -1.6401937
0.5130352 62.63714 -1.8009555
0.4063085 62.873722 -1.8518684
0.32144913 63.13033 -1.9473534
0.25471115 63.41221 -1.9723928
0.20170659 63.65527 -2.0352073
0.15959513 63.96124 -2.0969117
0.12620345 64.26176 -2.161611
0.09990411 64.59882 -2.2793062
