L, 0.000000e+00 
R, 5.632556e+01 
tau, gamma(tau) 
3.162278e-08, 1.301484e-89 
3.268181e-08, 2.310036e-88 
3.377632e-08, 3.988662e-87 
3.490748e-08, 6.699845e-86 
3.607652e-08, 1.094791e-84 
3.728471e-08, 1.740309e-83 
3.853336e-08, 2.691228e-82 
3.982383e-08, 4.048587e-81 
4.115752e-08, 5.924960e-80 
4.253587e-08, 8.435215e-79 
4.396039e-08, 1.168250e-77 
4.543261e-08, 1.573999e-76 
4.695413e-08, 2.063012e-75 
4.852661e-08, 2.630438e-74 
5.015175e-08, 3.262745e-73 
5.183132e-08, 3.937016e-72 
5.356714e-08, 4.621470e-71 
5.536108e-08, 5.277423e-70 
5.721511e-08, 5.862632e-69 
5.913123e-08, 6.335664e-68 
6.111151e-08, 6.660711e-67 
6.315812e-08, 6.812051e-66 
6.527326e-08, 6.777415e-65 
6.745925e-08, 6.559627e-64 
6.971844e-08, 6.176225e-63 
7.205329e-08, 5.657127e-62 
7.446633e-08, 5.040779e-61 
7.696018e-08, 4.369465e-60 
7.953756e-08, 3.684578e-59 
8.220125e-08, 3.022568e-58 
8.495414e-08, 2.412089e-57 
8.779923e-08, 1.872576e-56 
9.073960e-08, 1.414212e-55 
9.377844e-08, 1.039007e-54 
9.691905e-08, 7.425935e-54 
1.001648e-07, 5.163127e-53 
1.035193e-07, 3.492235e-52 
1.069862e-07, 2.297856e-51 
1.105691e-07, 1.470860e-50 
1.142720e-07, 9.159008e-50 
1.180990e-07, 5.548232e-49 
1.220541e-07, 3.269563e-48 
1.261416e-07, 1.874363e-47 
1.303661e-07, 1.045314e-46 
1.347320e-07, 5.671114e-46 
1.392441e-07, 2.993086e-45 
1.439073e-07, 1.536735e-44 
1.487268e-07, 7.675517e-44 
1.537076e-07, 3.729455e-43 
1.588552e-07, 1.762837e-42 
1.641752e-07, 8.106025e-42 
1.696734e-07, 3.626042e-41 
1.753557e-07, 1.577927e-40 
1.812283e-07, 6.679903e-40 
1.872976e-07, 2.750950e-39 
1.935701e-07, 1.102109e-38 
2.000527e-07, 4.295324e-38 
2.067524e-07, 1.628534e-37 
2.136765e-07, 6.006583e-37 
2.208325e-07, 2.155202e-36 
2.282281e-07, 7.522787e-36 
2.358714e-07, 2.554465e-35 
2.437706e-07, 8.438238e-35 
2.519344e-07, 2.711657e-34 
2.603717e-07, 8.477142e-34 
2.690914e-07, 2.578080e-33 
2.781032e-07, 7.627395e-33 
2.874168e-07, 2.195280e-32 
2.970423e-07, 6.146651e-32 
3.069902e-07, 1.674262e-31 
3.172712e-07, 4.436557e-31 
3.278965e-07, 1.143690e-30 
3.388776e-07, 2.868223e-30 
3.502266e-07, 6.997813e-30 
3.619555e-07, 1.660964e-29 
3.740773e-07, 3.835398e-29 
3.866051e-07, 8.616253e-29 
3.995523e-07, 1.883174e-28 
4.129332e-07, 4.004366e-28 
4.267622e-07, 8.284335e-28 
4.410544e-07, 1.667529e-27 
4.558251e-07, 3.265835e-27 
4.710906e-07, 6.223530e-27 
4.868673e-07, 1.154040e-26 
5.031723e-07, 2.082430e-26 
5.200234e-07, 3.656916e-26 
5.374388e-07, 6.250140e-26 
5.554375e-07, 1.039771e-25 
5.740389e-07, 1.683877e-25 
5.932633e-07, 2.655038e-25 
6.131315e-07, 4.076562e-25 
6.336651e-07, 6.096365e-25 
6.548864e-07, 8.881997e-25 
6.768183e-07, 1.261083e-24 
6.994848e-07, 1.745524e-24 
7.229103e-07, 2.356368e-24 
7.471203e-07, 3.103951e-24 
7.721412e-07, 3.992087e-24 
7.979999e-07, 5.016511e-24 
8.247247e-07, 6.164135e-24 
8.523445e-07, 7.413383e-24 
8.808893e-07, 8.735677e-24 
9.103900e-07, 1.009794e-23 
9.408787e-07, 1.146573e-23 
9.723884e-07, 1.280662e-23 
1.004953e-06, 1.409313e-23 
1.038609e-06, 1.530493e-23 
1.073392e-06, 1.642996e-23 
1.109339e-06, 1.746443e-23 
1.146491e-06, 1.841190e-23 
1.184886e-06, 1.928169e-23 
1.224568e-06, 2.008696e-23 
1.265578e-06, 2.084282e-23 
1.307962e-06, 2.156476e-23 
1.351765e-06, 2.226738e-23 
1.397035e-06, 2.296367e-23 
1.443822e-06, 2.366460e-23 
1.492175e-06, 2.437918e-23 
1.542147e-06, 2.511458e-23 
1.593793e-06, 2.587654e-23 
1.647169e-06, 2.666965e-23 
1.702332e-06, 2.749772e-23 
1.759343e-06, 2.836406e-23 
1.818263e-06, 2.927163e-23 
1.879156e-06, 3.022327e-23 
1.942088e-06, 3.122182e-23 
2.007128e-06, 3.227020e-23 
2.074346e-06, 3.337147e-23 
2.143816e-06, 3.452890e-23 
2.215611e-06, 3.574598e-23 
2.289811e-06, 3.702642e-23 
2.366496e-06, 3.837418e-23 
2.445750e-06, 3.979351e-23 
2.527657e-06, 4.128902e-23 
2.612308e-06, 4.286569e-23 
2.699793e-06, 4.452892e-23 
2.790208e-06, 4.628458e-23 
2.883652e-06, 4.813896e-23 
2.980224e-06, 5.009891e-23 
3.080031e-06, 5.217183e-23 
3.183180e-06, 5.436576e-23 
3.289784e-06, 5.668951e-23 
3.399958e-06, 5.915266e-23 
3.513821e-06, 6.176576e-23 
3.631498e-06, 6.454121e-23 
3.753116e-06, 6.749822e-23 
3.878807e-06, 7.069218e-23 
4.008707e-06, 7.438378e-23 
4.142957e-06, 7.998988e-23 
4.281704e-06, 9.528068e-23 
4.425097e-06, 1.619888e-22 
4.573292e-06, 4.983342e-22 
4.726450e-06, 2.213947e-21 
4.884737e-06, 1.079429e-20 
5.048326e-06, 5.260062e-20 
5.217392e-06, 2.507785e-19 
5.392121e-06, 1.164512e-18 
5.572702e-06, 5.261881e-18 
5.759330e-06, 2.313091e-17 
5.952208e-06, 9.891892e-17 
6.151546e-06, 4.115254e-16 
6.357559e-06, 1.665495e-15 
6.570472e-06, 6.557218e-15 
6.790515e-06, 2.511455e-14 
7.017927e-06, 9.357516e-14 
7.252956e-06, 3.391763e-13 
7.495855e-06, 1.195970e-12 
7.746889e-06, 4.102468e-12 
8.006330e-06, 1.368991e-11 
8.274459e-06, 4.444126e-11 
8.551569e-06, 1.403470e-10 
8.837958e-06, 4.311732e-10 
9.133938e-06, 1.288642e-09 
9.439831e-06, 3.746671e-09 
9.755968e-06, 1.059723e-08 
1.008269e-05, 2.915909e-08 
1.042036e-05, 7.805333e-08 
1.076933e-05, 2.032573e-07 
1.113000e-05, 5.149206e-07 
1.150274e-05, 1.269041e-06 
1.188796e-05, 3.042675e-06 
1.228608e-05, 7.097129e-06 
1.269754e-05, 1.610502e-05 
1.312278e-05, 3.555465e-05 
1.356225e-05, 7.636488e-05 
1.401645e-05, 1.595734e-04 
1.448586e-05, 3.244184e-04 
1.497098e-05, 6.417106e-04 
1.547236e-05, 1.235022e-03 
1.599052e-05, 2.312742e-03 
1.652604e-05, 4.214208e-03 
1.707949e-05, 7.472463e-03 
1.765148e-05, 1.289431e-02 
1.824262e-05, 2.165472e-02 
1.885356e-05, 3.539707e-02 
1.948496e-05, 5.632369e-02 
2.013751e-05, 8.725338e-02 
2.081191e-05, 1.316166e-01 
2.150889e-05, 1.933572e-01 
2.222922e-05, 2.767138e-01 
2.297367e-05, 3.858694e-01 
2.374305e-05, 5.244797e-01 
2.453820e-05, 6.951196e-01 
2.535997e-05, 8.987179e-01 
2.620927e-05, 1.134070e+00 
2.708701e-05, 1.397527e+00 
2.799415e-05, 1.682933e+00 
2.893166e-05, 1.981863e+00 
2.990058e-05, 2.284140e+00 
3.090194e-05, 2.578576e+00 
3.193683e-05, 2.853823e+00 
3.300639e-05, 3.099214e+00 
3.411176e-05, 3.305479e+00 
3.525415e-05, 3.465271e+00 
3.643481e-05, 3.573457e+00 
3.765500e-05, 3.627223e+00 
3.891605e-05, 3.626013e+00 
4.021934e-05, 3.571380e+00 
4.156627e-05, 3.466777e+00 
4.295831e-05, 3.317315e+00 
4.439697e-05, 3.129473e+00 
4.588381e-05, 2.910763e+00 
4.742045e-05, 2.669338e+00 
4.900855e-05, 2.413557e+00 
5.064983e-05, 2.151550e+00 
5.234607e-05, 1.890819e+00 
5.409913e-05, 1.637914e+00 
5.591089e-05, 1.398225e+00 
5.778333e-05, 1.175890e+00 
5.971848e-05, 9.737943e-01 
6.171843e-05, 7.936614e-01 
6.378536e-05, 6.361772e-01 
6.592152e-05, 5.011438e-01 
6.812921e-05, 3.876365e-01 
7.041083e-05, 2.941606e-01 
7.276887e-05, 2.188050e-01 
7.520588e-05, 1.593917e-01 
7.772450e-05, 1.136188e-01 
8.032747e-05, 7.919084e-02 
8.301761e-05, 5.393057e-02 
8.579785e-05, 3.586408e-02 
8.867119e-05, 2.327672e-02 
9.164076e-05, 1.473891e-02 
9.470978e-05, 9.105331e-03 
9.788159e-05, 5.493899e-03 
1.011596e-04, 3.251905e-03 
1.045474e-04, 1.916576e-03 
1.080487e-04, 1.176200e-03 
1.116672e-04, 8.361076e-04 
1.154069e-04, 7.921241e-04 
1.192718e-04, 1.012639e-03 
1.232662e-04, 1.529463e-03 
1.273944e-04, 2.437110e-03 
1.316608e-04, 3.899904e-03 
1.360700e-04, 6.166215e-03 
1.406270e-04, 9.588898e-03 
1.453365e-04, 1.465050e-02 
1.502038e-04, 2.199074e-02 
1.552341e-04, 3.243222e-02 
1.604328e-04, 4.699795e-02 
1.658057e-04, 6.691238e-02 
1.713585e-04, 9.357534e-02 
1.770972e-04, 1.284987e-01 
1.830281e-04, 1.731976e-01 
1.891577e-04, 2.290341e-01 
1.954925e-04, 2.970219e-01 
2.020395e-04, 3.776095e-01 
2.088058e-04, 4.704763e-01 
2.157986e-04, 5.743789e-01 
2.230256e-04, 6.870898e-01 
2.304947e-04, 8.054598e-01 
2.382139e-04, 9.256185e-01 
2.461916e-04, 1.043299e+00 
2.544365e-04, 1.154245e+00 
2.629575e-04, 1.254646e+00 
2.717639e-04, 1.341520e+00 
2.808651e-04, 1.412975e+00 
2.902712e-04, 1.468324e+00 
2.999923e-04, 1.508011e+00 
3.100390e-04, 1.533382e+00 
3.204221e-04, 1.546353e+00 
3.311529e-04, 1.549024e+00 
3.422431e-04, 1.543320e+00 
3.537048e-04, 1.530708e+00 
3.655502e-04, 1.512049e+00 
3.777924e-04, 1.487568e+00 
3.904446e-04, 1.456973e+00 
4.035204e-04, 1.419658e+00 
4.170342e-04, 1.374962e+00 
4.310006e-04, 1.322435e+00 
4.454346e-04, 1.262047e+00 
4.603521e-04, 1.194315e+00 
4.757692e-04, 1.120327e+00 
4.917025e-04, 1.041656e+00 
5.081695e-04, 9.602023e-01 
5.251879e-04, 8.779880e-01 
5.427763e-04, 7.969460e-01 
5.609537e-04, 7.187481e-01 
5.797399e-04, 6.446921e-01 
5.991552e-04, 5.756622e-01 
6.192207e-04, 5.121576e-01 
6.399583e-04, 4.543763e-01 
6.613903e-04, 4.023279e-01 
6.835400e-04, 3.559543e-01 
7.064316e-04, 3.152325e-01 
7.300898e-04, 2.802452e-01 
7.545402e-04, 2.512082e-01 
7.798096e-04, 2.284552e-01 
8.059251e-04, 2.123856e-01 
8.329153e-04, 2.033891e-01 
8.608094e-04, 2.017637e-01 
8.896377e-04, 2.076439e-01 
9.194314e-04, 2.209524e-01 
9.502228e-04, 2.413840e-01 
9.820455e-04, 2.684215e-01 
1.014934e-03, 3.013784e-01 
1.048924e-03, 3.394575e-01 
1.084052e-03, 3.818128e-01 
1.120356e-03, 4.276030e-01 
1.157877e-03, 4.760299e-01 
1.196654e-03, 5.263572e-01 
1.236729e-03, 5.779124e-01 
1.278147e-03, 6.300746e-01 
1.320952e-03, 6.822542e-01 
1.365190e-03, 7.338708e-01 
1.410910e-03, 7.843338e-01 
1.458161e-03, 8.330299e-01 
1.506994e-03, 8.793210e-01 
1.557463e-03, 9.225536e-01 
1.609622e-03, 9.620788e-01 
1.663528e-03, 9.972809e-01 
1.719239e-03, 1.027607e+00 
1.776816e-03, 1.052597e+00 
1.836321e-03, 1.071899e+00 
1.897818e-03, 1.085277e+00 
1.961376e-03, 1.092610e+00 
2.027062e-03, 1.093874e+00 
2.094947e-03, 1.089129e+00 
2.165106e-03, 1.078499e+00 
2.237615e-03, 1.062163e+00 
2.312552e-03, 1.040342e+00 
2.389999e-03, 1.013298e+00 
2.470039e-03, 9.813258e-01 
2.552760e-03, 9.447560e-01 
2.638251e-03, 9.039547e-01 
2.726606e-03, 8.593279e-01 
2.817919e-03, 8.113261e-01 
2.912290e-03, 7.604488e-01 
3.009822e-03, 7.072476e-01 
3.110620e-03, 6.523236e-01 
3.214793e-03, 5.963215e-01 
3.322456e-03, 5.399188e-01 
3.433724e-03, 4.838131e-01 
3.548718e-03, 4.287076e-01 
3.667564e-03, 3.752964e-01 
3.790389e-03, 3.242483e-01 
3.917328e-03, 2.761875e-01 
4.048519e-03, 2.316714e-01 
4.184102e-03, 1.911651e-01 
4.324227e-03, 1.550168e-01 
4.469044e-03, 1.234380e-01 
4.618711e-03, 9.649472e-02 
4.773390e-03, 7.411181e-02 
4.933249e-03, 5.609397e-02 
5.098462e-03, 4.216006e-02 
5.269208e-03, 3.198672e-02 
5.445672e-03, 2.525458e-02 
5.628046e-03, 2.168959e-02 
5.816528e-03, 2.109334e-02 
6.011322e-03, 2.335765e-02 
6.212639e-03, 2.846167e-02 
6.420698e-03, 3.645252e-02 
6.635725e-03, 4.741294e-02 
6.857954e-03, 6.142178e-02 
7.087625e-03, 7.851400e-02 
7.324987e-03, 9.864683e-02 
7.570299e-03, 1.216777e-01 
7.823826e-03, 1.473567e-01 
8.085843e-03, 1.753340e-01 
8.356636e-03, 2.051793e-01 
8.636497e-03, 2.364086e-01 
8.925731e-03, 2.685132e-01 
9.224651e-03, 3.009862e-01 
9.533581e-03, 3.333435e-01 
9.852858e-03, 3.651384e-01 
1.018283e-02, 3.959717e-01 
1.052385e-02, 4.254972e-01 
1.087629e-02, 4.534252e-01 
1.124053e-02, 4.795252e-01 
1.161697e-02, 5.036258e-01 
1.200602e-02, 5.256132e-01 
1.240810e-02, 5.454275e-01 
1.282364e-02, 5.630566e-01 
1.325310e-02, 5.785297e-01 
1.369695e-02, 5.919097e-01 
1.415565e-02, 6.032879e-01 
1.462972e-02, 6.127786e-01 
1.511967e-02, 6.205150e-01 
1.562602e-02, 6.266464e-01 
1.614933e-02, 6.313360e-01 
1.669017e-02, 6.347596e-01 
1.724911e-02, 6.371049e-01 
1.782678e-02, 6.385715e-01 
1.842380e-02, 6.393705e-01 
1.904080e-02, 6.397219e-01 
1.967847e-02, 6.398506e-01 
2.033750e-02, 6.399789e-01 
2.101860e-02, 6.403181e-01 
2.172250e-02, 6.410586e-01 
2.244998e-02, 6.423624e-01 
2.320183e-02, 6.443564e-01 
2.397885e-02, 6.471299e-01 
2.478189e-02, 6.507344e-01 
2.561183e-02, 6.551868e-01 
2.646956e-02, 6.604729e-01 
2.735602e-02, 6.665519e-01 
2.827217e-02, 6.733609e-01 
2.921899e-02, 6.808172e-01 
3.019753e-02, 6.888197e-01 
3.120883e-02, 6.972490e-01 
3.225401e-02, 7.059675e-01 
3.333419e-02, 7.148203e-01 
3.445054e-02, 7.236376e-01 
3.560427e-02, 7.322390e-01 
3.679665e-02, 7.404395e-01 
3.802896e-02, 7.480558e-01 
3.930254e-02, 7.549126e-01 
4.061877e-02, 7.608482e-01 
4.197908e-02, 7.657192e-01 
4.338495e-02, 7.694045e-01 
4.483789e-02, 7.718090e-01 
4.633950e-02, 7.728660e-01 
4.789140e-02, 7.725389e-01 
4.949527e-02, 7.708217e-01 
5.115285e-02, 7.677374e-01 
5.286594e-02, 7.633372e-01 
5.463641e-02, 7.576990e-01 
5.646616e-02, 7.509275e-01 
5.835720e-02, 7.431547e-01 
6.031156e-02, 7.345405e-01 
6.233138e-02, 7.252726e-01 
6.441884e-02, 7.155643e-01 
6.657620e-02, 7.056502e-01 
6.880582e-02, 6.957806e-01 
7.111011e-02, 6.862155e-01 
7.349156e-02, 6.772187e-01 
7.595277e-02, 6.690536e-01 
7.849641e-02, 6.619797e-01 
8.112523e-02, 6.562497e-01 
8.384209e-02, 6.521062e-01 
8.664993e-02, 6.497789e-01 
8.955181e-02, 6.494809e-01 
9.255088e-02, 6.514046e-01 
9.565038e-02, 6.557187e-01 
9.885368e-02, 6.625646e-01 
1.021643e-01, 6.720538e-01 
1.055857e-01, 6.842664e-01 
1.091217e-01, 6.992492e-01 
1.127762e-01, 7.170154e-01 
1.165530e-01, 7.375446e-01 
1.204564e-01, 7.607829e-01 
1.244904e-01, 7.866435e-01 
1.286596e-01, 8.150077e-01 
1.329683e-01, 8.457260e-01 
1.374214e-01, 8.786201e-01 
1.420236e-01, 9.134842e-01 
1.467799e-01, 9.500863e-01 
1.516955e-01, 9.881695e-01 
1.567758e-01, 1.027453e+00 
1.620262e-01, 1.067634e+00 
1.674524e-01, 1.108391e+00 
1.730603e-01, 1.149388e+00 
1.788560e-01, 1.190284e+00 
1.848459e-01, 1.230736e+00 
1.910363e-01, 1.270404e+00 
1.974340e-01, 1.308955e+00 
2.040460e-01, 1.346061e+00 
2.108795e-01, 1.381399e+00 
2.179418e-01, 1.414649e+00 
2.252406e-01, 1.445497e+00 
2.327838e-01, 1.473637e+00 
2.405797e-01, 1.498782e+00 
2.486366e-01, 1.520664e+00 
2.569634e-01, 1.539044e+00 
2.655690e-01, 1.553714e+00 
2.744628e-01, 1.564500e+00 
2.836545e-01, 1.571259e+00 
2.931540e-01, 1.573887e+00 
3.029717e-01, 1.572311e+00 
3.131181e-01, 1.566490e+00 
3.236043e-01, 1.556413e+00 
3.344417e-01, 1.542093e+00 
3.456421e-01, 1.523564e+00 
3.572175e-01, 1.500885e+00 
3.691806e-01, 1.474143e+00 
3.815444e-01, 1.443466e+00 
3.943222e-01, 1.409023e+00 
4.075279e-01, 1.371037e+00 
4.211759e-01, 1.329782e+00 
4.352810e-01, 1.285574e+00 
4.498584e-01, 1.238761e+00 
4.649240e-01, 1.189714e+00 
4.804942e-01, 1.138810e+00 
4.965858e-01, 1.086432e+00 
5.132163e-01, 1.032961e+00 
5.304037e-01, 9.787775e-01 
5.481668e-01, 9.242678e-01 
5.665247e-01, 8.698267e-01 
5.854975e-01, 8.158663e-01 
6.051056e-01, 7.628221e-01 
6.253704e-01, 7.111580e-01 
6.463139e-01, 6.613671e-01 
6.679587e-01, 6.139651e-01 
6.903285e-01, 5.694770e-01 
7.134474e-01, 5.284175e-01 
7.373405e-01, 4.912685e-01 
7.620338e-01, 4.584591e-01 
7.875541e-01, 4.303507e-01 
8.139291e-01, 4.072330e-01 
8.411873e-01, 3.893291e-01 
8.693584e-01, 3.768107e-01 
8.984730e-01, 3.698181e-01 
9.285625e-01, 3.684826e-01 
9.596598e-01, 3.729446e-01 
9.917985e-01, 3.833649e-01 
1.025014e+00, 3.999255e-01 
1.059341e+00, 4.228187e-01 
1.094818e+00, 4.522245e-01 
1.131483e+00, 4.882801e-01 
1.169376e+00, 5.310447e-01 
1.208538e+00, 5.804671e-01 
1.249012e+00, 6.363635e-01 
1.290841e+00, 6.984113e-01 
1.334071e+00, 7.661639e-01 
1.378748e+00, 8.390872e-01 
1.424922e+00, 9.166106e-01 
1.472642e+00, 9.981873e-01 
1.521961e+00, 1.083347e+00 
1.572931e+00, 1.171736e+00 
1.625608e+00, 1.263125e+00 
1.680049e+00, 1.357392e+00 
1.736313e+00, 1.454477e+00 
1.794462e+00, 1.554312e+00 
1.854558e+00, 1.656745e+00 
1.916666e+00, 1.761472e+00 
1.980855e+00, 1.867985e+00 
2.047193e+00, 1.975562e+00 
2.115753e+00, 2.083289e+00 
2.186609e+00, 2.190141e+00 
2.259838e+00, 2.295082e+00 
2.335519e+00, 2.397194e+00 
2.413735e+00, 2.495796e+00 
2.494570e+00, 2.590525e+00 
2.578112e+00, 2.681367e+00 
2.664453e+00, 2.768613e+00 
2.753684e+00, 2.852757e+00 
2.845904e+00, 2.934338e+00 
2.941213e+00, 3.013770e+00 
3.039713e+00, 3.091171e+00 
3.141512e+00, 3.166257e+00 
3.246721e+00, 3.238293e+00 
3.355452e+00, 3.306141e+00 
3.467825e+00, 3.368403e+00 
3.583962e+00, 3.423627e+00 
3.703988e+00, 3.470560e+00 
3.828033e+00, 3.508398e+00 
3.956233e+00, 3.536971e+00 
4.088726e+00, 3.556825e+00 
4.225656e+00, 3.569174e+00 
4.367172e+00, 3.575704e+00 
4.513427e+00, 3.578269e+00 
4.664580e+00, 3.578519e+00 
4.820796e+00, 3.577534e+00 
4.982243e+00, 3.575537e+00 
5.149097e+00, 3.571750e+00 
5.321538e+00, 3.564434e+00 
5.499755e+00, 3.551132e+00 
5.683940e+00, 3.529086e+00 
5.874294e+00, 3.495753e+00 
6.071022e+00, 3.449347e+00 
6.274339e+00, 3.389288e+00 
6.484464e+00, 3.316456e+00 
6.701627e+00, 3.233190e+00 
6.926063e+00, 3.142996e+00 
7.158014e+00, 3.049996e+00 
7.397734e+00, 2.958214e+00 
7.645482e+00, 2.870819e+00 
7.901527e+00, 2.789465e+00 
8.166147e+00, 2.713870e+00 
8.439628e+00, 2.641714e+00 
8.722269e+00, 2.568911e+00 
9.014375e+00, 2.490200e+00 
9.316264e+00, 2.399993e+00 
9.628263e+00, 2.293312e+00 
9.950710e+00, 2.166661e+00 
1.028396e+01, 2.018692e+00 
1.062836e+01, 1.850529e+00 
1.098430e+01, 1.665707e+00 
1.135216e+01, 1.469745e+00 
1.173235e+01, 1.269448e+00 
1.212526e+01, 1.072046e+00 
1.253133e+01, 8.843567e-01 
1.295100e+01, 7.120701e-01 
1.338472e+01, 5.592790e-01 
1.383298e+01, 4.282776e-01 
1.429624e+01, 3.196211e-01 
1.477501e+01, 2.323883e-01 
1.526982e+01, 1.645678e-01 
1.578121e+01, 1.134832e-01 
1.630971e+01, 7.618980e-02 
1.685592e+01, 4.979405e-02 
1.742042e+01, 3.167537e-02 
1.800383e+01, 1.961043e-02 
1.860677e+01, 1.181516e-02 
1.922990e+01, 6.927079e-03 
1.987391e+01, 3.951811e-03 
2.053948e+01, 2.193604e-03 
2.122734e+01, 1.184735e-03 
2.193824e+01, 6.225465e-04 
2.267294e+01, 3.182730e-04 
2.343225e+01, 1.583057e-04 
2.421699e+01, 7.660459e-05 
2.502801e+01, 3.606358e-05 
2.586619e+01, 1.651710e-05 
2.673244e+01, 7.359461e-06 
2.762770e+01, 3.190083e-06 
2.855295e+01, 1.345238e-06 
2.950918e+01, 5.518680e-07 
3.049743e+01, 2.202462e-07 
3.151878e+01, 8.551011e-08 
3.257433e+01, 3.229691e-08 
3.366524e+01, 1.186692e-08 
3.479268e+01, 4.241775e-09 
3.595787e+01, 1.474991e-09 
3.716209e+01, 4.989563e-10 
3.840664e+01, 1.641975e-10 
3.969286e+01, 5.256557e-11 
4.102217e+01, 1.637067e-11 
4.239599e+01, 4.959770e-12 
4.381582e+01, 1.461795e-12 
4.528319e+01, 4.191226e-13 
4.679971e+01, 1.169029e-13 
4.836702e+01, 3.172041e-14 
4.998682e+01, 8.373012e-15 
5.166086e+01, 2.150076e-15 
5.339097e+01, 5.371000e-16 
5.517902e+01, 1.305226e-16 
5.702695e+01, 3.085639e-17 
5.893676e+01, 7.096328e-18 
6.091054e+01, 1.587637e-18 
6.295041e+01, 3.455396e-19 
6.505860e+01, 7.315995e-20 
6.723739e+01, 1.506877e-20 
6.948915e+01, 3.019335e-21 
7.181632e+01, 5.885369e-22 
7.422143e+01, 1.116002e-22 
7.670709e+01, 2.058663e-23 
7.927598e+01, 3.694318e-24 
8.193091e+01, 6.449296e-25 
8.467475e+01, 1.095265e-25 
8.751048e+01, 1.809485e-26 
9.044118e+01, 2.908170e-27 
9.347003e+01, 4.546878e-28 
9.660031e+01, 6.915695e-29 
9.983543e+01, 1.023263e-29 
1.031789e+02, 1.472880e-30 
1.066343e+02, 2.062417e-31 
1.102055e+02, 2.809406e-32 
1.138962e+02, 3.722901e-33 
1.177106e+02, 4.799293e-34 
1.216527e+02, 6.018689e-35 
1.257268e+02, 7.342695e-36 
1.299373e+02, 8.714408e-37 
1.342889e+02, 1.006119e-37 
1.387862e+02, 1.130028e-38 
1.434341e+02, 1.234691e-39 
1.482376e+02, 1.312370e-40 
1.532021e+02, 1.357011e-41 
1.583328e+02, 1.365020e-42 
1.636353e+02, 1.335745e-43 
1.691154e+02, 1.271560e-44 
1.747790e+02, 1.177550e-45 
1.806323e+02, 1.060842e-46 
1.866816e+02, 9.297167e-48 
1.929335e+02, 7.926466e-49 
1.993948e+02, 6.574117e-50 
2.060725e+02, 5.304253e-51 
2.129738e+02, 4.163320e-52 
2.201062e+02, 3.178954e-53 
2.274775e+02, 2.361335e-54 
2.350957e+02, 1.706318e-55 
2.429690e+02, 1.199475e-56 
2.511059e+02, 8.202591e-58 
2.595154e+02, 5.456824e-59 
2.682065e+02, 3.531488e-60 
2.771886e+02, 2.223332e-61 
2.864716e+02, 1.361695e-62 
2.960654e+02, 8.113053e-64 
3.059806e+02, 4.702379e-65 
3.162278e+02, 2.651428e-66 
