1000018.56 72.780525 36.668125
791679.06 60.15448 29.724693
626762.94 56.667522 23.720457
496195.8 54.88872 18.329151
392824.0 54.127506 14.141488
310996.88 53.768337 10.7463255
246205.1 53.67594 8.100618
194922.8 53.59895 5.741294
154310.8 53.740707 3.9733107
122170.06 54.061584 2.628049
96719.125 54.367264 1.4605619
76566.21 54.638226 0.6254384
60616.465 54.899628 0.11087232
47988.42 55.41976 -0.41411456
38014.027 55.641747 -0.78872865
30080.912 55.924873 -0.8440848
23808.643 56.163895 -1.0618773
18853.918 56.57508 -1.1770302
14929.112 56.753326 -1.1428024
11811.533 56.952915 -1.1586167
9354.924 57.240334 -1.2028346
7540.311 57.29272 -1.1904134
5888.0977 57.497387 -1.2251
4641.4854 57.62115 -1.1126171
3676.1763 57.77027 -1.1736654
2910.9316 58.019173 -1.2090596
2302.7896 58.24851 -1.137026
1823.2498 58.415047 -1.01926
1443.6138 58.57319 -1.1814865
1142.4408 58.65934 -1.134472
905.28955 58.932487 -1.0661538
716.1456 59.055714 -1.1733444
567.3602 59.20936 -1.1225241
448.99423 59.589485 -1.1301527
355.56894 59.7346 -1.1431147
281.5315 59.7824 -1.0562496
222.78993 59.942787 -1.0749519
176.41125 60.061462 -0.95687866
139.68707 60.27212 -0.99731827
110.45951 60.437557 -1.055004
87.453354 60.55397 -0.9968218
69.31242 60.738434 -1.0582498
54.877075 60.84531 -0.76596636
43.40278 61.02051 -0.9325038
34.39465 61.18633 -0.75110096
27.202301 61.07141 -0.87794936
21.551723 61.254353 -0.8054539
17.057858 61.320732 -0.79093844
13.500864 61.534775 -0.87791646
10.687415 61.675823 -0.9511656
8.455084 61.779743 -0.9516384
6.7002573 61.90942 -0.89733845
5.307405 61.985836 -1.0084089
4.2002687 62.19775 -1.1418465
3.3272998 62.355045 -1.2542403
2.6304717 62.5464 -1.2771634
2.0822227 62.801346 -1.1368917
1.648207 62.980633 -1.3864857
1.3068749 63.17437 -1.5032698
1.0344945 63.393887 -1.5642391
0.8182344 63.548866 -1.6383291
0.6473732 63.9019 -1.7546581
0.5130352 64.047615 -1.7213668
0.4063085 64.35157 -1.7895552
0.32144913 64.67625 -1.7951757
0.25471115 64.9533 -1.8905526
0.20170659 65.287674 -2.0378232
0.15959513 65.5374 -2.1635268
0.12620345 65.78496 -2.3361652
0.09990411 66.012985 -2.5078852
