1000018.56 71.92435 35.908497
791679.06 60.000034 29.452374
626762.94 56.709187 23.198229
496195.8 55.06822 18.209867
392824.0 54.16082 14.0959425
310996.88 53.860836 10.707792
246205.1 53.681084 8.060307
194922.8 53.726063 5.840171
154310.8 53.878876 4.066062
122170.06 54.024757 2.6008523
96719.125 54.406796 1.5490565
76566.21 54.622105 0.70069456
60616.465 54.971134 0.31881943
47988.42 55.290745 -0.29786754
38014.027 55.660015 -0.45766264
30080.912 55.893127 -0.7642456
23808.643 56.11782 -0.85310614
18853.918 56.424908 -0.9541336
14929.112 56.707294 -0.93379134
11811.533 56.836803 -0.9315882
9354.924 56.992935 -0.9943188
7540.311 57.2251 -0.95553476
5888.0977 57.315308 -0.8009376
4641.4854 57.49184 -0.76162255
3676.1763 57.622158 -0.8487795
2910.9316 57.739346 -0.66804683
2302.7896 57.90141 -0.6084263
1823.2498 57.942062 -0.6306289
1443.6138 57.948044 -0.68570423
1142.4408 58.113693 -0.55597204
905.28955 58.115185 -0.5093453
716.1456 58.359863 -0.5335831
567.3602 58.189873 -0.52198017
448.99423 58.321133 -0.4536407
355.56894 58.34112 -0.41214374
281.5315 58.488247 -0.5001906
222.78993 58.540844 -0.45226735
176.41125 58.52707 -0.36678064
139.68707 58.664124 -0.4515039
110.45951 58.69401 -0.45558771
87.453354 58.813427 -0.6237853
69.31242 58.71768 -0.66058016
54.877075 58.981564 -0.58099216
43.40278 58.889812 -0.6007301
34.39465 58.99914 -0.7390218
27.202301 59.071743 -0.6346863
21.551723 59.30485 -0.66937065
17.057858 59.25358 -0.7596711
13.500864 59.378242 -0.73959744
10.687415 59.60597 -0.752889
8.455084 59.634216 -0.77994275
6.7002573 59.690517 -0.8738044
5.307405 60.01174 -1.0178221
4.2002687 59.975063 -1.0146621
3.3272998 60.171265 -1.1381243
2.6304717 60.37865 -1.1837047
2.0822227 60.48184 -1.215887
1.648207 60.752808 -1.3321283
1.3068749 61.003204 -1.4899304
1.0344945 61.15814 -1.5596262
0.8182344 61.408085 -1.5805664
0.6473732 61.66443 -1.6878223
0.5130352 61.92578 -1.7117387
0.4063085 62.182076 -1.7923598
0.32144913 62.480087 -1.7654815
0.25471115 62.791325 -1.8160716
0.20170659 63.074932 -1.9668527
0.15959513 63.317623 -2.0874367
0.12620345 63.553535 -2.1878576
0.09990411 63.771374 -2.2657974
