1000018.56 72.79316 37.416927
791679.06 60.766773 29.934626
626762.94 56.777927 23.065226
496195.8 55.283894 18.248491
392824.0 54.399326 13.974422
310996.88 54.083908 10.635486
246205.1 53.997692 7.883328
194922.8 53.984516 5.6970944
154310.8 54.075993 4.090199
122170.06 54.210686 2.5861862
96719.125 54.636314 1.6158884
76566.21 54.863434 0.7733382
60616.465 55.211807 0.14928384
47988.42 55.6113 -0.22037803
38014.027 55.875523 -0.54947215
30080.912 56.083523 -0.7434641
23808.643 56.346077 -0.8236909
18853.918 56.484253 -0.8241264
14929.112 56.80468 -0.8955913
11811.533 56.925182 -0.9447503
9354.924 57.02092 -0.9096344
7540.311 57.247646 -0.7954785
5888.0977 57.456123 -0.7229432
4641.4854 57.50883 -0.79742783
3676.1763 57.646805 -0.7515408
2910.9316 57.775623 -0.70546573
2302.7896 57.946655 -0.6957112
1823.2498 57.926132 -0.692123
1443.6138 58.081623 -0.7030701
1142.4408 58.219166 -0.61995745
905.28955 58.24112 -0.5897174
716.1456 58.447235 -0.49348772
567.3602 58.502068 -0.7500465
448.99423 58.529964 -0.5822936
355.56894 58.646652 -0.736837
281.5315 58.72752 -0.6625131
222.78993 58.754047 -0.66529375
176.41125 58.793068 -0.60020566
139.68707 58.971092 -0.61511415
110.45951 59.10255 -0.7004068
87.453354 59.06061 -0.6060105
69.31242 59.251957 -0.6902298
54.877075 59.390404 -0.83926105
43.40278 59.455036 -0.7352016
34.39465 59.48945 -0.82828903
27.202301 59.7098 -0.8202029
21.551723 59.70271 -0.9072172
17.057858 59.93233 -1.0916551
13.500864 60.050735 -1.0419358
10.687415 60.19829 -1.0950867
8.455084 60.344997 -1.084906
6.7002573 60.682507 -1.0986303
5.307405 60.706223 -1.3281004
4.2002687 60.87217 -1.2980154
3.3272998 61.012493 -1.3625473
2.6304717 61.240303 -1.5676954
2.0822227 61.518078 -1.5013168
1.648207 61.872353 -1.6377741
1.3068749 62.04499 -1.6620618
1.0344945 62.35997 -1.7583908
0.8182344 62.67063 -1.7119035
0.6473732 62.87884 -1.8571699
0.5130352 63.19587 -1.8538584
0.4063085 63.484444 -1.8953393
0.32144913 63.7933 -1.9601907
0.25471115 64.07851 -2.019458
0.20170659 64.31466 -2.0216386
0.15959513 64.55729 -2.0474496
0.12620345 64.82628 -2.0694714
0.09990411 65.1446 -2.0883439
