L, 0.000000e+00 
R, 5.629861e+01 
tau, gamma(tau) 
3.162278e-08, 1.455765e-87 
3.268181e-08, 2.583873e-86 
3.377632e-08, 4.461488e-85 
3.490748e-08, 7.494061e-84 
3.607652e-08, 1.224570e-82 
3.728471e-08, 1.946609e-81 
3.853336e-08, 3.010253e-80 
3.982383e-08, 4.528516e-79 
4.115752e-08, 6.627318e-78 
4.253587e-08, 9.435145e-77 
4.396039e-08, 1.306737e-75 
4.543261e-08, 1.760584e-74 
4.695413e-08, 2.307566e-73 
4.852661e-08, 2.942256e-72 
5.015175e-08, 3.649519e-71 
5.183132e-08, 4.403719e-70 
5.356714e-08, 5.169310e-69 
5.536108e-08, 5.903021e-68 
5.721511e-08, 6.557602e-67 
5.913123e-08, 7.086709e-66 
6.111151e-08, 7.450287e-65 
6.315812e-08, 7.619568e-64 
6.527326e-08, 7.580826e-63 
6.745925e-08, 7.337221e-62 
6.971844e-08, 6.908370e-61 
7.205329e-08, 6.327737e-60 
7.446633e-08, 5.638325e-59 
7.696018e-08, 4.887432e-58 
7.953756e-08, 4.121357e-57 
8.220125e-08, 3.380871e-56 
8.495414e-08, 2.698024e-55 
8.779923e-08, 2.094556e-54 
9.073960e-08, 1.581856e-53 
9.377844e-08, 1.162173e-52 
9.691905e-08, 8.306223e-52 
1.001648e-07, 5.775177e-51 
1.035193e-07, 3.906212e-50 
1.069862e-07, 2.570250e-49 
1.105691e-07, 1.645219e-48 
1.142720e-07, 1.024474e-47 
1.180990e-07, 6.205932e-47 
1.220541e-07, 3.657144e-46 
1.261416e-07, 2.096554e-45 
1.303661e-07, 1.169227e-44 
1.347320e-07, 6.343381e-44 
1.392441e-07, 3.347893e-43 
1.439073e-07, 1.718903e-42 
1.487268e-07, 8.585391e-42 
1.537076e-07, 4.171553e-41 
1.588552e-07, 1.971808e-40 
1.641752e-07, 9.066932e-40 
1.696734e-07, 4.055881e-39 
1.753557e-07, 1.764978e-38 
1.812283e-07, 7.471753e-38 
1.872976e-07, 3.077053e-37 
1.935701e-07, 1.232755e-36 
2.000527e-07, 4.804500e-36 
2.067524e-07, 1.821583e-35 
2.136765e-07, 6.718614e-35 
2.208325e-07, 2.410683e-34 
2.282281e-07, 8.414549e-34 
2.358714e-07, 2.857274e-33 
2.437706e-07, 9.438515e-33 
2.519344e-07, 3.033099e-32 
2.603717e-07, 9.482026e-32 
2.690914e-07, 2.883686e-31 
2.781032e-07, 8.531543e-31 
2.874168e-07, 2.455506e-30 
2.970423e-07, 6.875265e-30 
3.069902e-07, 1.872725e-29 
3.172712e-07, 4.962450e-29 
3.278965e-07, 1.279258e-28 
3.388776e-07, 3.208203e-28 
3.502266e-07, 7.827273e-28 
3.619555e-07, 1.857836e-27 
3.740773e-07, 4.289993e-27 
3.866051e-07, 9.637474e-27 
3.995523e-07, 2.106364e-26 
4.129332e-07, 4.478936e-26 
4.267622e-07, 9.266086e-26 
4.410544e-07, 1.865130e-25 
4.558251e-07, 3.652804e-25 
4.710906e-07, 6.960886e-25 
4.868673e-07, 1.290753e-24 
5.031723e-07, 2.329091e-24 
5.200234e-07, 4.089999e-24 
5.374388e-07, 6.990183e-24 
5.554375e-07, 1.162854e-23 
5.740389e-07, 1.883147e-23 
5.932633e-07, 2.969120e-23 
6.131315e-07, 4.558595e-23 
6.336651e-07, 6.816851e-23 
6.548864e-07, 9.931036e-23 
6.768183e-07, 1.409915e-22 
6.994848e-07, 1.951344e-22 
7.229103e-07, 2.633916e-22 
7.471203e-07, 3.469090e-22 
7.721412e-07, 4.461002e-22 
7.979999e-07, 5.604727e-22 
8.247247e-07, 6.885450e-22 
8.523445e-07, 8.278858e-22 
8.808893e-07, 9.752817e-22 
9.103900e-07, 1.127018e-21 
9.408787e-07, 1.279237e-21 
9.723884e-07, 1.428307e-21 
1.004953e-06, 1.571164e-21 
1.038609e-06, 1.705550e-21 
1.073392e-06, 1.830139e-21 
1.109339e-06, 1.944537e-21 
1.146491e-06, 2.049166e-21 
1.184886e-06, 2.145088e-21 
1.224568e-06, 2.233778e-21 
1.265578e-06, 2.316917e-21 
1.307962e-06, 2.396200e-21 
1.351765e-06, 2.473209e-21 
1.397035e-06, 2.549320e-21 
1.443822e-06, 2.625679e-21 
1.492175e-06, 2.703201e-21 
1.542147e-06, 2.782603e-21 
1.593793e-06, 2.864449e-21 
1.647169e-06, 2.949194e-21 
1.702332e-06, 3.037222e-21 
1.759343e-06, 3.128881e-21 
1.818263e-06, 3.224497e-21 
1.879156e-06, 3.324390e-21 
1.942088e-06, 3.428885e-21 
2.007128e-06, 3.538313e-21 
2.074346e-06, 3.653015e-21 
2.143816e-06, 3.773341e-21 
2.215611e-06, 3.899652e-21 
2.289811e-06, 4.032318e-21 
2.366496e-06, 4.171724e-21 
2.445750e-06, 4.318273e-21 
2.527657e-06, 4.472393e-21 
2.612308e-06, 4.634543e-21 
2.699793e-06, 4.805219e-21 
2.790208e-06, 4.984954e-21 
2.883652e-06, 5.174320e-21 
2.980224e-06, 5.373933e-21 
3.080031e-06, 5.584460e-21 
3.183180e-06, 5.806620e-21 
3.289784e-06, 6.041195e-21 
3.399958e-06, 6.289030e-21 
3.513821e-06, 6.551039e-21 
3.631498e-06, 6.828202e-21 
3.753116e-06, 7.121581e-21 
3.878807e-06, 7.432323e-21 
4.008707e-06, 7.761675e-21 
4.142957e-06, 8.111002e-21 
4.281704e-06, 8.481793e-21 
4.425097e-06, 8.875676e-21 
4.573292e-06, 9.294426e-21 
4.726450e-06, 9.739987e-21 
4.884737e-06, 1.021451e-20 
5.048326e-06, 1.072052e-20 
5.217392e-06, 1.126159e-20 
5.392121e-06, 1.184630e-20 
5.572702e-06, 1.250878e-20 
5.759330e-06, 1.341534e-20 
5.952208e-06, 1.540054e-20 
6.151546e-06, 2.258738e-20 
6.357559e-06, 5.482996e-20 
6.570472e-06, 2.051198e-19 
6.790515e-06, 8.968848e-19 
7.017927e-06, 4.004248e-18 
7.252956e-06, 1.758977e-17 
7.495855e-06, 7.536543e-17 
7.746889e-06, 3.143287e-16 
8.006330e-06, 1.275531e-15 
8.274459e-06, 5.035508e-15 
8.551569e-06, 1.933878e-14 
8.837958e-06, 7.225128e-14 
9.133938e-06, 2.625982e-13 
9.439831e-06, 9.284693e-13 
9.755968e-06, 3.193546e-12 
1.008269e-05, 1.068584e-11 
1.042036e-05, 3.478358e-11 
1.076933e-05, 1.101464e-10 
1.113000e-05, 3.393105e-10 
1.150274e-05, 1.016846e-09 
1.188796e-05, 2.964456e-09 
1.228608e-05, 8.407501e-09 
1.269754e-05, 2.319647e-08 
1.312278e-05, 6.226023e-08 
1.356225e-05, 1.625678e-07 
1.401645e-05, 4.129472e-07 
1.448586e-05, 1.020452e-06 
1.497098e-05, 2.453183e-06 
1.547236e-05, 5.737330e-06 
1.599052e-05, 1.305373e-05 
1.652604e-05, 2.889401e-05 
1.707949e-05, 6.222052e-05 
1.765148e-05, 1.303519e-04 
1.824262e-05, 2.656837e-04 
1.885356e-05, 5.268463e-04 
1.948496e-05, 1.016445e-03 
2.013751e-05, 1.907986e-03 
2.081191e-05, 3.484751e-03 
2.150889e-05, 6.192840e-03 
2.222922e-05, 1.070901e-02 
2.297367e-05, 1.802078e-02 
2.374305e-05, 2.951154e-02 
2.453820e-05, 4.703692e-02 
2.535997e-05, 7.297208e-02 
2.620927e-05, 1.102036e-01 
2.708701e-05, 1.620382e-01 
2.799415e-05, 2.320030e-01 
2.893166e-05, 3.235277e-01 
2.990058e-05, 4.395160e-01 
3.090194e-05, 5.818426e-01 
3.193683e-05, 7.508415e-01 
3.300639e-05, 9.448698e-01 
3.411176e-05, 1.160040e+00 
3.525415e-05, 1.390198e+00 
3.643481e-05, 1.627198e+00 
3.765500e-05, 1.861457e+00 
3.891605e-05, 2.082736e+00 
4.021934e-05, 2.281032e+00 
4.156627e-05, 2.447453e+00 
4.295831e-05, 2.574943e+00 
4.439697e-05, 2.658761e+00 
4.588381e-05, 2.696681e+00 
4.742045e-05, 2.688915e+00 
4.900855e-05, 2.637830e+00 
5.064983e-05, 2.547533e+00 
5.234607e-05, 2.423413e+00 
5.409913e-05, 2.271687e+00 
5.591089e-05, 2.099004e+00 
5.778333e-05, 1.912096e+00 
5.971848e-05, 1.717480e+00 
6.171843e-05, 1.521207e+00 
6.378536e-05, 1.328649e+00 
6.592152e-05, 1.144331e+00 
6.812921e-05, 9.718264e-01 
7.041083e-05, 8.137183e-01 
7.276887e-05, 6.716284e-01 
7.520588e-05, 5.463036e-01 
7.772450e-05, 4.377456e-01 
8.032747e-05, 3.453606e-01 
8.301761e-05, 2.681125e-01 
8.579785e-05, 2.046625e-01 
8.867119e-05, 1.534914e-01 
9.164076e-05, 1.129997e-01 
9.470978e-05, 8.158884e-02 
9.788159e-05, 5.772411e-02 
1.011596e-04, 3.998367e-02 
1.045474e-04, 2.709279e-02 
1.080487e-04, 1.794501e-02 
1.116672e-04, 1.161067e-02 
1.154069e-04, 7.333829e-03 
1.192718e-04, 4.519993e-03 
1.232662e-04, 2.717056e-03 
1.273944e-04, 1.592687e-03 
1.316608e-04, 9.108533e-04 
1.360700e-04, 5.097506e-04 
1.406270e-04, 2.826695e-04 
1.453365e-04, 1.625932e-04 
1.502038e-04, 1.107663e-04 
1.552341e-04, 1.091094e-04 
1.604328e-04, 1.562001e-04 
1.658057e-04, 2.665299e-04 
1.713585e-04, 4.728020e-04 
1.770972e-04, 8.310613e-04 
1.830281e-04, 1.428350e-03 
1.891577e-04, 2.392301e-03 
1.954925e-04, 3.901588e-03 
2.020395e-04, 6.195464e-03 
2.088058e-04, 9.579900e-03 
2.157986e-04, 1.442727e-02 
2.230256e-04, 2.116640e-02 
2.304947e-04, 3.026047e-02 
2.382139e-04, 4.217168e-02 
2.461916e-04, 5.731421e-02 
2.544365e-04, 7.599989e-02 
2.629575e-04, 9.838387e-02 
2.717639e-04, 1.244197e-01 
2.808651e-04, 1.538335e-01 
2.902712e-04, 1.861240e-01 
2.999923e-04, 2.205934e-01 
3.100390e-04, 2.564046e-01 
3.204221e-04, 2.926591e-01 
3.311529e-04, 3.284817e-01 
3.422431e-04, 3.630994e-01 
3.537048e-04, 3.959015e-01 
3.655502e-04, 4.264729e-01 
3.777924e-04, 4.545988e-01 
3.904446e-04, 4.802423e-01 
4.035204e-04, 5.035044e-01 
4.170342e-04, 5.245738e-01 
4.310006e-04, 5.436778e-01 
4.454346e-04, 5.610399e-01 
4.603521e-04, 5.768512e-01 
4.757692e-04, 5.912553e-01 
4.917025e-04, 6.043486e-01 
5.081695e-04, 6.161913e-01 
5.251879e-04, 6.268256e-01 
5.427763e-04, 6.362968e-01 
5.609537e-04, 6.446716e-01 
5.797399e-04, 6.520498e-01 
5.991552e-04, 6.585678e-01 
6.192207e-04, 6.643944e-01 
6.399583e-04, 6.697185e-01 
6.613903e-04, 6.747342e-01 
6.835400e-04, 6.796244e-01 
7.064316e-04, 6.845462e-01 
7.300898e-04, 6.896207e-01 
7.545402e-04, 6.949266e-01 
7.798096e-04, 7.004997e-01 
8.059251e-04, 7.063369e-01 
8.329153e-04, 7.124031e-01 
8.608094e-04, 7.186412e-01 
8.896377e-04, 7.249814e-01 
9.194314e-04, 7.313496e-01 
9.502228e-04, 7.376733e-01 
9.820455e-04, 7.438846e-01 
1.014934e-03, 7.499199e-01 
1.048924e-03, 7.557183e-01 
1.084052e-03, 7.612180e-01 
1.120356e-03, 7.663525e-01 
1.157877e-03, 7.710465e-01 
1.196654e-03, 7.752133e-01 
1.236729e-03, 7.787541e-01 
1.278147e-03, 7.815597e-01 
1.320952e-03, 7.835156e-01 
1.365190e-03, 7.845089e-01 
1.410910e-03, 7.844366e-01 
1.458161e-03, 7.832131e-01 
1.506994e-03, 7.807753e-01 
1.557463e-03, 7.770853e-01 
1.609622e-03, 7.721303e-01 
1.663528e-03, 7.659202e-01 
1.719239e-03, 7.584842e-01 
1.776816e-03, 7.498679e-01 
1.836321e-03, 7.401292e-01 
1.897818e-03, 7.293355e-01 
1.961376e-03, 7.175611e-01 
2.027062e-03, 7.048862e-01 
2.094947e-03, 6.913967e-01 
2.165106e-03, 6.771863e-01 
2.237615e-03, 6.623593e-01 
2.312552e-03, 6.470333e-01 
2.389999e-03, 6.313410e-01 
2.470039e-03, 6.154300e-01 
2.552760e-03, 5.994598e-01 
2.638251e-03, 5.835980e-01 
2.726606e-03, 5.680152e-01 
2.817919e-03, 5.528806e-01 
2.912290e-03, 5.383579e-01 
3.009822e-03, 5.246038e-01 
3.110620e-03, 5.117656e-01 
3.214793e-03, 4.999808e-01 
3.322456e-03, 4.893771e-01 
3.433724e-03, 4.800717e-01 
3.548718e-03, 4.721718e-01 
3.667564e-03, 4.657752e-01 
3.790389e-03, 4.609700e-01 
3.917328e-03, 4.578348e-01 
4.048519e-03, 4.564382e-01 
4.184102e-03, 4.568374e-01 
4.324227e-03, 4.590777e-01 
4.469044e-03, 4.631905e-01 
4.618711e-03, 4.691931e-01 
4.773390e-03, 4.770875e-01 
4.933249e-03, 4.868603e-01 
5.098462e-03, 4.984829e-01 
5.269208e-03, 5.119119e-01 
5.445672e-03, 5.270894e-01 
5.628046e-03, 5.439441e-01 
5.816528e-03, 5.623910e-01 
6.011322e-03, 5.823328e-01 
6.212639e-03, 6.036606e-01 
6.420698e-03, 6.262550e-01 
6.635725e-03, 6.499885e-01 
6.857954e-03, 6.747263e-01 
7.087625e-03, 7.003281e-01 
7.324987e-03, 7.266479e-01 
7.570299e-03, 7.535329e-01 
7.823826e-03, 7.808226e-01 
8.085843e-03, 8.083481e-01 
8.356636e-03, 8.359327e-01 
8.636497e-03, 8.633942e-01 
8.925731e-03, 8.905482e-01 
9.224651e-03, 9.172115e-01 
9.533581e-03, 9.432045e-01 
9.852858e-03, 9.683526e-01 
1.018283e-02, 9.924872e-01 
1.052385e-02, 1.015446e+00 
1.087629e-02, 1.037074e+00 
1.124053e-02, 1.057228e+00 
1.161697e-02, 1.075774e+00 
1.200602e-02, 1.092597e+00 
1.240810e-02, 1.107593e+00 
1.282364e-02, 1.120679e+00 
1.325310e-02, 1.131785e+00 
1.369695e-02, 1.140859e+00 
1.415565e-02, 1.147867e+00 
1.462972e-02, 1.152791e+00 
1.511967e-02, 1.155636e+00 
1.562602e-02, 1.156423e+00 
1.614933e-02, 1.155193e+00 
1.669017e-02, 1.152010e+00 
1.724911e-02, 1.146957e+00 
1.782678e-02, 1.140142e+00 
1.842380e-02, 1.131699e+00 
1.904080e-02, 1.121788e+00 
1.967847e-02, 1.110593e+00 
2.033750e-02, 1.098317e+00 
2.101860e-02, 1.085177e+00 
2.172250e-02, 1.071396e+00 
2.244998e-02, 1.057197e+00 
2.320183e-02, 1.042808e+00 
2.397885e-02, 1.028455e+00 
2.478189e-02, 1.014370e+00 
2.561183e-02, 1.000788e+00 
2.646956e-02, 9.879518e-01 
2.735602e-02, 9.761067e-01 
2.827217e-02, 9.654987e-01 
2.921899e-02, 9.563689e-01 
3.019753e-02, 9.489481e-01 
3.120883e-02, 9.434503e-01 
3.225401e-02, 9.400667e-01 
3.333419e-02, 9.389614e-01 
3.445054e-02, 9.402678e-01 
3.560427e-02, 9.440872e-01 
3.679665e-02, 9.504903e-01 
3.802896e-02, 9.595186e-01 
3.930254e-02, 9.711879e-01 
4.061877e-02, 9.854908e-01 
4.197908e-02, 1.002398e+00 
4.338495e-02, 1.021859e+00 
4.483789e-02, 1.043800e+00 
4.633950e-02, 1.068123e+00 
4.789140e-02, 1.094704e+00 
4.949527e-02, 1.123388e+00 
5.115285e-02, 1.153994e+00 
5.286594e-02, 1.186313e+00 
5.463641e-02, 1.220118e+00 
5.646616e-02, 1.255167e+00 
5.835720e-02, 1.291216e+00 
6.031156e-02, 1.328021e+00 
6.233138e-02, 1.365345e+00 
6.441884e-02, 1.402957e+00 
6.657620e-02, 1.440637e+00 
6.880582e-02, 1.478173e+00 
7.111011e-02, 1.515363e+00 
7.349156e-02, 1.552018e+00 
7.595277e-02, 1.587965e+00 
7.849641e-02, 1.623046e+00 
8.112523e-02, 1.657123e+00 
8.384209e-02, 1.690078e+00 
8.664993e-02, 1.721815e+00 
8.955181e-02, 1.752264e+00 
9.255088e-02, 1.781383e+00 
9.565038e-02, 1.809159e+00 
9.885368e-02, 1.835607e+00 
1.021643e-01, 1.860761e+00 
1.055857e-01, 1.884676e+00 
1.091217e-01, 1.907414e+00 
1.127762e-01, 1.929042e+00 
1.165530e-01, 1.949635e+00 
1.204564e-01, 1.969275e+00 
1.244904e-01, 1.988052e+00 
1.286596e-01, 2.006066e+00 
1.329683e-01, 2.023422e+00 
1.374214e-01, 2.040232e+00 
1.420236e-01, 2.056603e+00 
1.467799e-01, 2.072634e+00 
1.516955e-01, 2.088411e+00 
1.567758e-01, 2.104003e+00 
1.620262e-01, 2.119459e+00 
1.674524e-01, 2.134809e+00 
1.730603e-01, 2.150061e+00 
1.788560e-01, 2.165211e+00 
1.848459e-01, 2.180239e+00 
1.910363e-01, 2.195121e+00 
1.974340e-01, 2.209820e+00 
2.040460e-01, 2.224291e+00 
2.108795e-01, 2.238471e+00 
2.179418e-01, 2.252278e+00 
2.252406e-01, 2.265606e+00 
2.327838e-01, 2.278325e+00 
2.405797e-01, 2.290288e+00 
2.486366e-01, 2.301333e+00 
2.569634e-01, 2.311294e+00 
2.655690e-01, 2.320005e+00 
2.744628e-01, 2.327307e+00 
2.836545e-01, 2.333048e+00 
2.931540e-01, 2.337089e+00 
3.029717e-01, 2.339303e+00 
3.131181e-01, 2.339570e+00 
3.236043e-01, 2.337773e+00 
3.344417e-01, 2.333793e+00 
3.456421e-01, 2.327511e+00 
3.572175e-01, 2.318809e+00 
3.691806e-01, 2.307579e+00 
3.815444e-01, 2.293737e+00 
3.943222e-01, 2.277237e+00 
4.075279e-01, 2.258080e+00 
4.211759e-01, 2.236314e+00 
4.352810e-01, 2.212035e+00 
4.498584e-01, 2.185372e+00 
4.649240e-01, 2.156483e+00 
4.804942e-01, 2.125542e+00 
4.965858e-01, 2.092731e+00 
5.132163e-01, 2.058241e+00 
5.304037e-01, 2.022269e+00 
5.481668e-01, 1.985020e+00 
5.665247e-01, 1.946722e+00 
5.854975e-01, 1.907630e+00 
6.051056e-01, 1.868045e+00 
6.253704e-01, 1.828318e+00 
6.463139e-01, 1.788861e+00 
6.679587e-01, 1.750139e+00 
6.903285e-01, 1.712653e+00 
7.134474e-01, 1.676919e+00 
7.373405e-01, 1.643438e+00 
7.620338e-01, 1.612673e+00 
7.875541e-01, 1.585026e+00 
8.139291e-01, 1.560834e+00 
8.411873e-01, 1.540372e+00 
8.693584e-01, 1.523866e+00 
8.984730e-01, 1.511520e+00 
9.285625e-01, 1.503546e+00 
9.596598e-01, 1.500183e+00 
9.917985e-01, 1.501718e+00 
1.025014e+00, 1.508488e+00 
1.059341e+00, 1.520861e+00 
1.094818e+00, 1.539211e+00 
1.131483e+00, 1.563867e+00 
1.169376e+00, 1.595072e+00 
1.208538e+00, 1.632935e+00 
1.249012e+00, 1.677404e+00 
1.290841e+00, 1.728253e+00 
1.334071e+00, 1.785104e+00 
1.378748e+00, 1.847469e+00 
1.424922e+00, 1.914811e+00 
1.472642e+00, 1.986618e+00 
1.521961e+00, 2.062473e+00 
1.572931e+00, 2.142093e+00 
1.625608e+00, 2.225353e+00 
1.680049e+00, 2.312257e+00 
1.736313e+00, 2.402880e+00 
1.794462e+00, 2.497282e+00 
1.854558e+00, 2.595410e+00 
1.916666e+00, 2.697004e+00 
1.980855e+00, 2.801536e+00 
2.047193e+00, 2.908192e+00 
2.115753e+00, 3.015904e+00 
2.186609e+00, 3.123444e+00 
2.259838e+00, 3.229562e+00 
2.335519e+00, 3.333147e+00 
2.413735e+00, 3.433375e+00 
2.494570e+00, 3.529818e+00 
2.578112e+00, 3.622480e+00 
2.664453e+00, 3.711751e+00 
2.753684e+00, 3.798266e+00 
2.845904e+00, 3.882716e+00 
2.941213e+00, 3.965623e+00 
3.039713e+00, 4.047130e+00 
3.141512e+00, 4.126858e+00 
3.246721e+00, 4.203849e+00 
3.355452e+00, 4.276631e+00 
3.467825e+00, 4.343390e+00 
3.583962e+00, 4.402243e+00 
3.703988e+00, 4.451559e+00 
3.828033e+00, 4.490272e+00 
3.956233e+00, 4.518124e+00 
4.088726e+00, 4.535767e+00 
4.225656e+00, 4.544696e+00 
4.367172e+00, 4.547013e+00 
4.513427e+00, 4.545028e+00 
4.664580e+00, 4.540796e+00 
4.820796e+00, 4.535645e+00 
4.982243e+00, 4.529816e+00 
5.149097e+00, 4.522274e+00 
5.321538e+00, 4.510767e+00 
5.499755e+00, 4.492129e+00 
5.683940e+00, 4.462811e+00 
5.874294e+00, 4.419539e+00 
6.071022e+00, 4.360006e+00 
6.274339e+00, 4.283435e+00 
6.484464e+00, 4.190912e+00 
6.701627e+00, 4.085379e+00 
6.926063e+00, 3.971259e+00 
7.158014e+00, 3.853765e+00 
7.397734e+00, 3.737985e+00 
7.645482e+00, 3.627922e+00 
7.901527e+00, 3.525656e+00 
8.166147e+00, 3.430805e+00 
8.439628e+00, 3.340399e+00 
8.722269e+00, 3.249222e+00 
9.014375e+00, 3.150568e+00 
9.316264e+00, 3.037313e+00 
9.628263e+00, 2.903107e+00 
9.950710e+00, 2.743491e+00 
1.028396e+01, 2.556733e+00 
1.062836e+01, 2.344242e+00 
1.098430e+01, 2.110499e+00 
1.135216e+01, 1.862508e+00 
1.173235e+01, 1.608904e+00 
1.212526e+01, 1.358874e+00 
1.253133e+01, 1.121077e+00 
1.295100e+01, 9.027479e-01 
1.338472e+01, 7.090912e-01 
1.383298e+01, 5.430300e-01 
1.429624e+01, 4.052793e-01 
1.477501e+01, 2.946799e-01 
1.526982e+01, 2.086869e-01 
1.578121e+01, 1.439109e-01 
1.630971e+01, 9.662035e-02 
1.685592e+01, 6.314766e-02 
1.742042e+01, 4.017057e-02 
1.800383e+01, 2.487018e-02 
1.860677e+01, 1.498428e-02 
1.922990e+01, 8.785170e-03 
1.987391e+01, 5.011863e-03 
2.053948e+01, 2.782043e-03 
2.122734e+01, 1.502549e-03 
2.193824e+01, 7.895527e-04 
2.267294e+01, 4.036552e-04 
2.343225e+01, 2.007744e-04 
2.421699e+01, 9.715554e-05 
2.502801e+01, 4.573855e-05 
2.586619e+01, 2.094827e-05 
2.673244e+01, 9.333849e-06 
2.762770e+01, 4.045919e-06 
2.855295e+01, 1.706140e-06 
2.950918e+01, 6.999242e-07 
3.049743e+01, 2.793345e-07 
3.151878e+01, 1.084510e-07 
3.257433e+01, 4.096165e-08 
3.366524e+01, 1.505063e-08 
3.479268e+01, 5.379778e-09 
3.595787e+01, 1.870708e-09 
3.716209e+01, 6.328187e-10 
3.840664e+01, 2.082493e-10 
3.969286e+01, 6.666813e-11 
4.102217e+01, 2.076268e-11 
4.239599e+01, 6.290404e-12 
4.381582e+01, 1.853973e-12 
4.528319e+01, 5.315672e-13 
4.679971e+01, 1.482663e-13 
4.836702e+01, 4.023054e-14 
4.998682e+01, 1.061937e-14 
5.166086e+01, 2.726911e-15 
5.339097e+01, 6.811963e-16 
5.517902e+01, 1.655399e-16 
5.702695e+01, 3.913472e-17 
5.893676e+01, 9.000172e-18 
6.091054e+01, 2.013578e-18 
6.295041e+01, 4.382430e-19 
6.505860e+01, 9.278773e-20 
6.723739e+01, 1.911151e-20 
6.948915e+01, 3.829380e-21 
7.181632e+01, 7.464330e-22 
7.422143e+01, 1.415410e-22 
7.670709e+01, 2.610973e-23 
7.927598e+01, 4.685452e-24 
8.193091e+01, 8.179551e-25 
8.467475e+01, 1.389109e-25 
8.751048e+01, 2.294945e-26 
9.044118e+01, 3.688391e-27 
9.347003e+01, 5.766742e-28 
9.660031e+01, 8.771078e-29 
9.983543e+01, 1.297790e-29 
1.031789e+02, 1.868033e-30 
1.066343e+02, 2.615735e-31 
1.102055e+02, 3.563131e-32 
1.138962e+02, 4.721703e-33 
1.177106e+02, 6.086876e-34 
1.216527e+02, 7.633419e-35 
1.257268e+02, 9.312636e-36 
1.299373e+02, 1.105236e-36 
1.342889e+02, 1.276046e-37 
1.387862e+02, 1.433199e-38 
1.434341e+02, 1.565942e-39 
1.482376e+02, 1.664461e-40 
1.532021e+02, 1.721077e-41 
1.583328e+02, 1.731235e-42 
1.636353e+02, 1.694106e-43 
1.691154e+02, 1.612702e-44 
1.747790e+02, 1.493470e-45 
1.806323e+02, 1.345450e-46 
1.866816e+02, 1.179147e-47 
1.929335e+02, 1.005303e-48 
1.993948e+02, 8.337861e-50 
2.060725e+02, 6.727309e-51 
2.129738e+02, 5.280280e-52 
2.201062e+02, 4.031823e-53 
2.274775e+02, 2.994849e-54 
2.350957e+02, 2.164099e-55 
2.429690e+02, 1.521277e-56 
2.511059e+02, 1.040323e-57 
2.595154e+02, 6.920814e-59 
2.682065e+02, 4.478937e-60 
2.771886e+02, 2.819821e-61 
2.864716e+02, 1.727019e-62 
2.960654e+02, 1.028967e-63 
3.059806e+02, 5.963961e-65 
3.162278e+02, 3.362768e-66 
