1000018.56 70.531815 38.070374
791679.06 60.25218 29.586721
626762.94 56.565628 23.22543
496195.8 54.974346 18.34006
392824.0 54.157005 14.052942
310996.88 53.738377 10.625565
246205.1 53.680664 7.927342
194922.8 53.607475 5.8615837
154310.8 53.776123 4.037466
122170.06 54.01379 2.7238982
96719.125 54.418953 1.5208758
76566.21 54.68578 0.75624776
60616.465 54.99047 0.17605667
47988.42 55.254868 -0.25695
38014.027 55.538864 -0.52503604
30080.912 55.864704 -0.72820765
23808.643 56.0847 -0.9271307
18853.918 56.489204 -0.9321815
14929.112 56.67311 -1.0034564
11811.533 56.804943 -0.8979026
9354.924 57.076298 -1.0181701
7540.311 57.19857 -0.9544353
5888.0977 57.50025 -0.8696406
4641.4854 57.49442 -0.8088527
3676.1763 57.68708 -0.7246791
2910.9316 57.71574 -0.7343191
2302.7896 57.798546 -0.69156986
1823.2498 57.872547 -0.7418678
1443.6138 58.113194 -0.71384877
1142.4408 58.205673 -0.6804023
905.28955 58.22419 -0.66135746
716.1456 58.258118 -0.6857702
567.3602 58.456345 -0.5228055
448.99423 58.493465 -0.6000268
355.56894 58.569096 -0.48216027
281.5315 58.507744 -0.47630787
222.78993 58.6441 -0.5146748
176.41125 58.618023 -0.5230569
139.68707 58.749794 -0.43959603
110.45951 58.784397 -0.51171124
87.453354 58.715256 -0.5819845
69.31242 58.93767 -0.5127908
54.877075 59.078156 -0.57189107
43.40278 59.138042 -0.6154256
34.39465 59.18597 -0.55064875
27.202301 59.23306 -0.61948854
21.551723 59.288837 -0.6546921
17.057858 59.377 -0.7056502
13.500864 59.547432 -0.83525026
10.687415 59.503098 -0.76404905
8.455084 59.710167 -0.90686995
6.7002573 59.908398 -1.0197129
5.307405 59.975155 -0.8710911
4.2002687 60.07666 -1.0567312
3.3272998 60.192455 -1.102873
2.6304717 60.48171 -1.2520046
2.0822227 60.650646 -1.273692
1.648207 60.84901 -1.4002388
1.3068749 60.99691 -1.4510086
1.0344945 61.265564 -1.64993
0.8182344 61.48693 -1.6643051
0.6473732 61.83041 -1.6906431
0.5130352 62.068386 -1.8388956
0.4063085 62.353374 -1.9301304
0.32144913 62.636227 -1.9543675
0.25471115 62.954666 -2.0846364
0.20170659 63.269558 -2.2357643
0.15959513 63.54369 -2.4033625
0.12620345 63.80594 -2.4994993
0.09990411 64.10828 -2.6331098
