1000018.56 71.412674 37.540455
791679.06 61.02632 30.114033
626762.94 57.01485 23.436033
496195.8 55.172153 18.15787
392824.0 54.273483 14.052272
310996.88 53.863194 10.645437
246205.1 53.824574 8.0219755
194922.8 53.80272 5.8291907
154310.8 53.930935 4.0986867
122170.06 54.17486 2.602085
96719.125 54.492783 1.4968883
76566.21 54.730686 0.90503633
60616.465 55.064995 0.185464
47988.42 55.43431 -0.28324306
38014.027 55.7164 -0.40140095
30080.912 56.06685 -0.7611991
23808.643 56.27184 -0.8560128
18853.918 56.471058 -0.8597251
14929.112 56.58621 -0.9737242
11811.533 56.87369 -0.9715739
9354.924 56.964172 -0.83262795
7540.311 57.309372 -0.7746138
5888.0977 57.291965 -0.79408604
4641.4854 57.563152 -0.8264768
3676.1763 57.73494 -0.70554376
2910.9316 57.77647 -0.6888025
2302.7896 57.780273 -0.6942152
1823.2498 57.909107 -0.63121647
1443.6138 58.01942 -0.59056455
1142.4408 58.037357 -0.7082741
905.28955 58.125206 -0.6007366
716.1456 58.199863 -0.5856689
567.3602 58.282166 -0.50792783
448.99423 58.35894 -0.44559976
355.56894 58.332153 -0.41108552
281.5315 58.48022 -0.38022733
222.78993 58.582077 -0.442591
176.41125 58.683136 -0.56775236
139.68707 58.730957 -0.48004222
110.45951 58.747776 -0.55545723
87.453354 58.949223 -0.57130885
69.31242 58.901432 -0.5607881
54.877075 58.97631 -0.6393774
43.40278 59.123775 -0.6817114
34.39465 59.149403 -0.69862074
27.202301 59.425037 -0.6553835
21.551723 59.433807 -0.6966786
17.057858 59.432293 -0.77377295
13.500864 59.639385 -0.82963264
10.687415 59.70417 -0.8004906
8.455084 59.805992 -0.88988423
6.7002573 59.89272 -1.0676441
5.307405 60.09206 -1.0526114
4.2002687 60.248596 -1.0657716
3.3272998 60.362514 -1.121853
2.6304717 60.488132 -1.2009577
2.0822227 60.828323 -1.3014735
1.648207 61.011147 -1.2833142
1.3068749 61.17065 -1.4558291
1.0344945 61.43317 -1.4780456
0.8182344 61.665005 -1.5389475
0.6473732 61.95201 -1.5581326
0.5130352 62.17054 -1.6349106
0.4063085 62.477554 -1.6966065
0.32144913 62.76972 -1.775516
0.25471115 62.97145 -1.8428608
0.20170659 63.21081 -1.8982184
0.15959513 63.419273 -1.8873931
0.12620345 63.706055 -1.9432836
0.09990411 63.972538 -1.9935982
