L, 0.000000e+00 
R, 5.629739e+01 
tau, gamma(tau) 
3.162278e-08, 4.876104e-89 
3.268181e-08, 8.654714e-88 
3.377632e-08, 1.494381e-86 
3.490748e-08, 2.510145e-85 
3.607652e-08, 4.101712e-84 
3.728471e-08, 6.520192e-83 
3.853336e-08, 1.008288e-81 
3.982383e-08, 1.516832e-80 
4.115752e-08, 2.219829e-79 
4.253587e-08, 3.160314e-78 
4.396039e-08, 4.376932e-77 
4.543261e-08, 5.897098e-76 
4.695413e-08, 7.729222e-75 
4.852661e-08, 9.855123e-74 
5.015175e-08, 1.222411e-72 
5.183132e-08, 1.475031e-71 
5.356714e-08, 1.731467e-70 
5.536108e-08, 1.977224e-69 
5.721511e-08, 2.196477e-68 
5.913123e-08, 2.373702e-67 
6.111151e-08, 2.495483e-66 
6.315812e-08, 2.552184e-65 
6.527326e-08, 2.539207e-64 
6.745925e-08, 2.457611e-63 
6.971844e-08, 2.313967e-62 
7.205329e-08, 2.119483e-61 
7.446633e-08, 1.888564e-60 
7.696018e-08, 1.637051e-59 
7.953756e-08, 1.380453e-58 
8.220125e-08, 1.132427e-57 
8.495414e-08, 9.037065e-57 
8.779923e-08, 7.015740e-56 
9.073960e-08, 5.298446e-55 
9.377844e-08, 3.892713e-54 
9.691905e-08, 2.782180e-53 
1.001648e-07, 1.934403e-52 
1.035193e-07, 1.308391e-51 
1.069862e-07, 8.609083e-51 
1.105691e-07, 5.510681e-50 
1.142720e-07, 3.431488e-49 
1.180990e-07, 2.078685e-48 
1.220541e-07, 1.224965e-47 
1.261416e-07, 7.022434e-47 
1.303661e-07, 3.916342e-46 
1.347320e-07, 2.124724e-45 
1.392441e-07, 1.121381e-44 
1.439073e-07, 5.757487e-44 
1.487268e-07, 2.875687e-43 
1.537076e-07, 1.397267e-42 
1.588552e-07, 6.604594e-42 
1.641752e-07, 3.036980e-41 
1.696734e-07, 1.358523e-40 
1.753557e-07, 5.911816e-40 
1.812283e-07, 2.502673e-39 
1.872976e-07, 1.030663e-38 
1.935701e-07, 4.129130e-38 
2.000527e-07, 1.609273e-37 
2.067524e-07, 6.101418e-37 
2.136765e-07, 2.250409e-36 
2.208325e-07, 8.074617e-36 
2.282281e-07, 2.818465e-35 
2.358714e-07, 9.570480e-35 
2.437706e-07, 3.161444e-34 
2.519344e-07, 1.015941e-33 
2.603717e-07, 3.176019e-33 
2.690914e-07, 9.658951e-33 
2.781032e-07, 2.857655e-32 
2.874168e-07, 8.224762e-32 
2.970423e-07, 2.302883e-31 
3.069902e-07, 6.272729e-31 
3.172712e-07, 1.662184e-30 
3.278965e-07, 4.284905e-30 
3.388776e-07, 1.074596e-29 
3.502266e-07, 2.621768e-29 
3.619555e-07, 6.222883e-29 
3.740773e-07, 1.436949e-28 
3.866051e-07, 3.228114e-28 
3.995523e-07, 7.055373e-28 
4.129332e-07, 1.500246e-27 
4.267622e-07, 3.103739e-27 
4.410544e-07, 6.247401e-27 
4.558251e-07, 1.223541e-26 
4.710906e-07, 2.331627e-26 
4.868673e-07, 4.323550e-26 
5.031723e-07, 7.801662e-26 
5.200234e-07, 1.370023e-25 
5.374388e-07, 2.341522e-25 
5.554375e-07, 3.895297e-25 
5.740389e-07, 6.308220e-25 
5.932633e-07, 9.946245e-25 
6.131315e-07, 1.527118e-24 
6.336651e-07, 2.283694e-24 
6.548864e-07, 3.327082e-24 
6.768183e-07, 4.723671e-24 
6.994848e-07, 6.537950e-24 
7.229103e-07, 8.825401e-24 
7.471203e-07, 1.162458e-23 
7.721412e-07, 1.494954e-23 
7.979999e-07, 1.878404e-23 
8.247247e-07, 2.307870e-23 
8.523445e-07, 2.775233e-23 
8.808893e-07, 3.269749e-23 
9.103900e-07, 3.778985e-23 
9.408787e-07, 4.290012e-23 
9.723884e-07, 4.790647e-23 
1.004953e-06, 5.270579e-23 
1.038609e-06, 5.722183e-23 
1.073392e-06, 6.140943e-23 
1.109339e-06, 6.525449e-23 
1.146491e-06, 6.877048e-23 
1.184886e-06, 7.199239e-23 
1.224568e-06, 7.496955e-23 
1.265578e-06, 7.775856e-23 
1.307962e-06, 8.041720e-23 
1.351765e-06, 8.299981e-23 
1.397035e-06, 8.555452e-23 
1.443822e-06, 8.812185e-23 
1.492175e-06, 9.073473e-23 
1.542147e-06, 9.341929e-23 
1.593793e-06, 9.619612e-23 
1.647169e-06, 9.908164e-23 
1.702332e-06, 1.020893e-22 
1.759343e-06, 1.052307e-22 
1.818263e-06, 1.085161e-22 
1.879156e-06, 1.119555e-22 
1.942088e-06, 1.155585e-22 
2.007128e-06, 1.193354e-22 
2.074346e-06, 1.232965e-22 
2.143816e-06, 1.274531e-22 
2.215611e-06, 1.318170e-22 
2.289811e-06, 1.364009e-22 
2.366496e-06, 1.412180e-22 
2.445750e-06, 1.462825e-22 
2.527657e-06, 1.516099e-22 
2.612308e-06, 1.572167e-22 
2.699793e-06, 1.631207e-22 
2.790208e-06, 1.693413e-22 
2.883652e-06, 1.758992e-22 
2.980224e-06, 1.828167e-22 
3.080031e-06, 1.901179e-22 
3.183180e-06, 1.978290e-22 
3.289784e-06, 2.059782e-22 
3.399958e-06, 2.145965e-22 
3.513821e-06, 2.237171e-22 
3.631498e-06, 2.333760e-22 
3.753116e-06, 2.436126e-22 
3.878807e-06, 2.544722e-22 
4.008707e-06, 2.660181e-22 
4.142957e-06, 2.783996e-22 
4.281704e-06, 2.922188e-22 
4.425097e-06, 3.104777e-22 
4.573292e-06, 3.486306e-22 
4.726450e-06, 4.850029e-22 
4.884737e-06, 1.106531e-21 
5.048326e-06, 4.072462e-21 
5.217392e-06, 1.806815e-20 
5.392121e-06, 8.253359e-20 
5.572702e-06, 3.715536e-19 
5.759330e-06, 1.631992e-18 
5.952208e-06, 6.978157e-18 
6.151546e-06, 2.903134e-17 
6.357559e-06, 1.175022e-16 
6.570472e-06, 4.626652e-16 
6.790515e-06, 1.772262e-15 
7.017927e-06, 6.604361e-15 
7.252956e-06, 2.394297e-14 
7.495855e-06, 8.444484e-14 
7.746889e-06, 2.897476e-13 
8.006330e-06, 9.672153e-13 
8.274459e-06, 3.141153e-12 
8.551569e-06, 9.924871e-12 
8.837958e-06, 3.050980e-11 
9.133938e-06, 9.125214e-11 
9.439831e-06, 2.655517e-10 
9.755968e-06, 7.519225e-10 
1.008269e-05, 2.071734e-09 
1.042036e-05, 5.554628e-09 
1.076933e-05, 1.449318e-08 
1.113000e-05, 3.680388e-08 
1.150274e-05, 9.096728e-08 
1.188796e-05, 2.188704e-07 
1.228608e-05, 5.126932e-07 
1.269754e-05, 1.169408e-06 
1.312278e-05, 2.597743e-06 
1.356225e-05, 5.621422e-06 
1.401645e-05, 1.185311e-05 
1.448586e-05, 2.436081e-05 
1.497098e-05, 4.881833e-05 
1.547236e-05, 9.543104e-05 
1.599052e-05, 1.820629e-04 
1.652604e-05, 3.391672e-04 
1.707949e-05, 6.173464e-04 
1.765148e-05, 1.098628e-03 
1.824262e-05, 1.912855e-03 
1.885356e-05, 3.260883e-03 
1.948496e-05, 5.446562e-03 
2.013751e-05, 8.919541e-03 
2.081191e-05, 1.433064e-02 
2.150889e-05, 2.260052e-02 
2.222922e-05, 3.500012e-02 
2.297367e-05, 5.323758e-02 
2.374305e-05, 7.954052e-02 
2.453820e-05, 1.167151e-01 
2.535997e-05, 1.681549e-01 
2.620927e-05, 2.377661e-01 
2.708701e-05, 3.297729e-01 
2.799415e-05, 4.483729e-01 
2.893166e-05, 5.972318e-01 
2.990058e-05, 7.788332e-01 
3.090194e-05, 9.937456e-01 
3.193683e-05, 1.239906e+00 
3.300639e-05, 1.512058e+00 
3.411176e-05, 1.801494e+00 
3.525415e-05, 2.096230e+00 
3.643481e-05, 2.381684e+00 
3.765500e-05, 2.641845e+00 
3.891605e-05, 2.860816e+00 
4.021934e-05, 3.024510e+00 
4.156627e-05, 3.122251e+00 
4.295831e-05, 3.148002e+00 
4.439697e-05, 3.101011e+00 
4.588381e-05, 2.985778e+00 
4.742045e-05, 2.811360e+00 
4.900855e-05, 2.590170e+00 
5.064983e-05, 2.336479e+00 
5.234607e-05, 2.064889e+00 
5.409913e-05, 1.789001e+00 
5.591089e-05, 1.520419e+00 
5.778333e-05, 1.268183e+00 
5.971848e-05, 1.038591e+00 
6.171843e-05, 8.353477e-01 
6.378536e-05, 6.599238e-01 
6.592152e-05, 5.120261e-01 
6.812921e-05, 3.900816e-01 
7.041083e-05, 2.916820e-01 
7.276887e-05, 2.139558e-01 
7.520588e-05, 1.538604e-01 
7.772450e-05, 1.083975e-01 
8.032747e-05, 7.476362e-02 
8.301761e-05, 5.044642e-02 
8.579785e-05, 3.327670e-02 
8.867119e-05, 2.144566e-02 
9.164076e-05, 1.349492e-02 
9.470978e-05, 8.287064e-03 
9.788159e-05, 4.963921e-03 
1.011596e-04, 2.899098e-03 
1.045474e-04, 1.650286e-03 
1.080487e-04, 9.153428e-04 
1.116672e-04, 4.945840e-04 
1.154069e-04, 2.603254e-04 
1.192718e-04, 1.335797e-04 
1.232662e-04, 6.710999e-05 
1.273944e-04, 3.370017e-05 
1.316608e-04, 1.844829e-05 
1.360700e-04, 1.403540e-05 
1.406270e-04, 1.816757e-05 
1.453365e-04, 3.267566e-05 
1.502038e-04, 6.404419e-05 
1.552341e-04, 1.254086e-04 
1.604328e-04, 2.402910e-04 
1.658057e-04, 4.485144e-04 
1.713585e-04, 8.148017e-04 
1.770972e-04, 1.440455e-03 
1.830281e-04, 2.478148e-03 
1.891577e-04, 4.149180e-03 
1.954925e-04, 6.761488e-03 
2.020395e-04, 1.072538e-02 
2.088058e-04, 1.656263e-02 
2.157986e-04, 2.490342e-02 
2.230256e-04, 3.646553e-02 
2.304947e-04, 5.201122e-02 
2.382139e-04, 7.228015e-02 
2.461916e-04, 9.790116e-02 
2.544365e-04, 1.292913e-01 
2.629575e-04, 1.665560e-01 
2.717639e-04, 2.094080e-01 
2.808651e-04, 2.571224e-01 
2.902712e-04, 3.085441e-01 
2.999923e-04, 3.621516e-01 
3.100390e-04, 4.161745e-01 
3.204221e-04, 4.687500e-01 
3.311529e-04, 5.180926e-01 
3.422431e-04, 5.626522e-01 
3.537048e-04, 6.012330e-01 
3.655502e-04, 6.330591e-01 
3.777924e-04, 6.577790e-01 
3.904446e-04, 6.754159e-01 
4.035204e-04, 6.862804e-01 
4.170342e-04, 6.908635e-01 
4.310006e-04, 6.897324e-01 
4.454346e-04, 6.834443e-01 
4.603521e-04, 6.724898e-01 
4.757692e-04, 6.572682e-01 
4.917025e-04, 6.380956e-01 
5.081695e-04, 6.152357e-01 
5.251879e-04, 5.889468e-01 
5.427763e-04, 5.595317e-01 
5.609537e-04, 5.273804e-01 
5.797399e-04, 4.929959e-01 
5.991552e-04, 4.569986e-01 
6.192207e-04, 4.201073e-01 
6.399583e-04, 3.831025e-01 
6.613903e-04, 3.467786e-01 
6.835400e-04, 3.118941e-01 
7.064316e-04, 2.791300e-01 
7.300898e-04, 2.490610e-01 
7.545402e-04, 2.221421e-01 
7.798096e-04, 1.987106e-01 
8.059251e-04, 1.789988e-01 
8.329153e-04, 1.631531e-01 
8.608094e-04, 1.512547e-01 
8.896377e-04, 1.433391e-01 
9.194314e-04, 1.394093e-01 
9.502228e-04, 1.394441e-01 
9.820455e-04, 1.433995e-01 
1.014934e-03, 1.512031e-01 
1.048924e-03, 1.627456e-01 
1.084052e-03, 1.778684e-01 
1.120356e-03, 1.963536e-01 
1.157877e-03, 2.179169e-01 
1.196654e-03, 2.422070e-01 
1.236729e-03, 2.688131e-01 
1.278147e-03, 2.972780e-01 
1.320952e-03, 3.271172e-01 
1.365190e-03, 3.578383e-01 
1.410910e-03, 3.889593e-01 
1.458161e-03, 4.200226e-01 
1.506994e-03, 4.506040e-01 
1.557463e-03, 4.803177e-01 
1.609622e-03, 5.088170e-01 
1.663528e-03, 5.357936e-01 
1.719239e-03, 5.609755e-01 
1.776816e-03, 5.841246e-01 
1.836321e-03, 6.050334e-01 
1.897818e-03, 6.235228e-01 
1.961376e-03, 6.394401e-01 
2.027062e-03, 6.526598e-01 
2.094947e-03, 6.630866e-01 
2.165106e-03, 6.706597e-01 
2.237615e-03, 6.753590e-01 
2.312552e-03, 6.772086e-01 
2.389999e-03, 6.762782e-01 
2.470039e-03, 6.726807e-01 
2.552760e-03, 6.665660e-01 
2.638251e-03, 6.581139e-01 
2.726606e-03, 6.475256e-01 
2.817919e-03, 6.350167e-01 
2.912290e-03, 6.208120e-01 
3.009822e-03, 6.051410e-01 
3.110620e-03, 5.882346e-01 
3.214793e-03, 5.703227e-01 
3.322456e-03, 5.516328e-01 
3.433724e-03, 5.323889e-01 
3.548718e-03, 5.128113e-01 
3.667564e-03, 4.931175e-01 
3.790389e-03, 4.735218e-01 
3.917328e-03, 4.542346e-01 
4.048519e-03, 4.354602e-01 
4.184102e-03, 4.173937e-01 
4.324227e-03, 4.002179e-01 
4.469044e-03, 3.841005e-01 
4.618711e-03, 3.691920e-01 
4.773390e-03, 3.556254e-01 
4.933249e-03, 3.435164e-01 
5.098462e-03, 3.329642e-01 
5.269208e-03, 3.240521e-01 
5.445672e-03, 3.168488e-01 
5.628046e-03, 3.114086e-01 
5.816528e-03, 3.077723e-01 
6.011322e-03, 3.059686e-01 
6.212639e-03, 3.060148e-01 
6.420698e-03, 3.079181e-01 
6.635725e-03, 3.116769e-01 
6.857954e-03, 3.172811e-01 
7.087625e-03, 3.247123e-01 
7.324987e-03, 3.339435e-01 
7.570299e-03, 3.449380e-01 
7.823826e-03, 3.576495e-01 
8.085843e-03, 3.720217e-01 
8.356636e-03, 3.879888e-01 
8.636497e-03, 4.054760e-01 
8.925731e-03, 4.244006e-01 
9.224651e-03, 4.446727e-01 
9.533581e-03, 4.661945e-01 
9.852858e-03, 4.888612e-01 
1.018283e-02, 5.125603e-01 
1.052385e-02, 5.371722e-01 
1.087629e-02, 5.625708e-01 
1.124053e-02, 5.886242e-01 
1.161697e-02, 6.151955e-01 
1.200602e-02, 6.421426e-01 
1.240810e-02, 6.693188e-01 
1.282364e-02, 6.965717e-01 
1.325310e-02, 7.237434e-01 
1.369695e-02, 7.506707e-01 
1.415565e-02, 7.771858e-01 
1.462972e-02, 8.031165e-01 
1.511967e-02, 8.282878e-01 
1.562602e-02, 8.525225e-01 
1.614933e-02, 8.756439e-01 
1.669017e-02, 8.974794e-01 
1.724911e-02, 9.178656e-01 
1.782678e-02, 9.366536e-01 
1.842380e-02, 9.537135e-01 
1.904080e-02, 9.689361e-01 
1.967847e-02, 9.822329e-01 
2.033750e-02, 9.935328e-01 
2.101860e-02, 1.002779e+00 
2.172250e-02, 1.009929e+00 
2.244998e-02, 1.014952e+00 
2.320183e-02, 1.017834e+00 
2.397885e-02, 1.018581e+00 
2.478189e-02, 1.017226e+00 
2.561183e-02, 1.013828e+00 
2.646956e-02, 1.008479e+00 
2.735602e-02, 1.001300e+00 
2.827217e-02, 9.924418e-01 
2.921899e-02, 9.820816e-01 
3.019753e-02, 9.704206e-01 
3.120883e-02, 9.576770e-01 
3.225401e-02, 9.440804e-01 
3.333419e-02, 9.298651e-01 
3.445054e-02, 9.152651e-01 
3.560427e-02, 9.005114e-01 
3.679665e-02, 8.858318e-01 
3.802896e-02, 8.714523e-01 
3.930254e-02, 8.575991e-01 
4.061877e-02, 8.444989e-01 
4.197908e-02, 8.323771e-01 
4.338495e-02, 8.214542e-01 
4.483789e-02, 8.119401e-01 
4.633950e-02, 8.040277e-01 
4.789140e-02, 7.978875e-01 
4.949527e-02, 7.936636e-01 
5.115285e-02, 7.914712e-01 
5.286594e-02, 7.913960e-01 
5.463641e-02, 7.934957e-01 
5.646616e-02, 7.978017e-01 
5.835720e-02, 8.043222e-01 
6.031156e-02, 8.130448e-01 
6.233138e-02, 8.239384e-01 
6.441884e-02, 8.369544e-01 
6.657620e-02, 8.520275e-01 
6.880582e-02, 8.690751e-01 
7.111011e-02, 8.879983e-01 
7.349156e-02, 9.086809e-01 
7.595277e-02, 9.309910e-01 
7.849641e-02, 9.547811e-01 
8.112523e-02, 9.798907e-01 
8.384209e-02, 1.006149e+00 
8.664993e-02, 1.033379e+00 
8.955181e-02, 1.061402e+00 
9.255088e-02, 1.090043e+00 
9.565038e-02, 1.119131e+00 
9.885368e-02, 1.148500e+00 
1.021643e-01, 1.177988e+00 
1.055857e-01, 1.207436e+00 
1.091217e-01, 1.236685e+00 
1.127762e-01, 1.265580e+00 
1.165530e-01, 1.293969e+00 
1.204564e-01, 1.321711e+00 
1.244904e-01, 1.348671e+00 
1.286596e-01, 1.374731e+00 
1.329683e-01, 1.399782e+00 
1.374214e-01, 1.423726e+00 
1.420236e-01, 1.446474e+00 
1.467799e-01, 1.467942e+00 
1.516955e-01, 1.488053e+00 
1.567758e-01, 1.506729e+00 
1.620262e-01, 1.523897e+00 
1.674524e-01, 1.539485e+00 
1.730603e-01, 1.553423e+00 
1.788560e-01, 1.565646e+00 
1.848459e-01, 1.576099e+00 
1.910363e-01, 1.584737e+00 
1.974340e-01, 1.591527e+00 
2.040460e-01, 1.596445e+00 
2.108795e-01, 1.599473e+00 
2.179418e-01, 1.600594e+00 
2.252406e-01, 1.599788e+00 
2.327838e-01, 1.597032e+00 
2.405797e-01, 1.592300e+00 
2.486366e-01, 1.585572e+00 
2.569634e-01, 1.576837e+00 
2.655690e-01, 1.566094e+00 
2.744628e-01, 1.553360e+00 
2.836545e-01, 1.538668e+00 
2.931540e-01, 1.522071e+00 
3.029717e-01, 1.503640e+00 
3.131181e-01, 1.483461e+00 
3.236043e-01, 1.461633e+00 
3.344417e-01, 1.438264e+00 
3.456421e-01, 1.413467e+00 
3.572175e-01, 1.387359e+00 
3.691806e-01, 1.360064e+00 
3.815444e-01, 1.331718e+00 
3.943222e-01, 1.302473e+00 
4.075279e-01, 1.272508e+00 
4.211759e-01, 1.242024e+00 
4.352810e-01, 1.211245e+00 
4.498584e-01, 1.180410e+00 
4.649240e-01, 1.149770e+00 
4.804942e-01, 1.119574e+00 
4.965858e-01, 1.090071e+00 
5.132163e-01, 1.061499e+00 
5.304037e-01, 1.034087e+00 
5.481668e-01, 1.008054e+00 
5.665247e-01, 9.836083e-01 
5.854975e-01, 9.609526e-01 
6.051056e-01, 9.402860e-01 
6.253704e-01, 9.218072e-01 
6.463139e-01, 9.057164e-01 
6.679587e-01, 8.922130e-01 
6.903285e-01, 8.814909e-01 
7.134474e-01, 8.737299e-01 
7.373405e-01, 8.690848e-01 
7.620338e-01, 8.676753e-01 
7.875541e-01, 8.695777e-01 
8.139291e-01, 8.748216e-01 
8.411873e-01, 8.833917e-01 
8.693584e-01, 8.952345e-01 
8.984730e-01, 9.102702e-01 
9.285625e-01, 9.284049e-01 
9.596598e-01, 9.495425e-01 
9.917985e-01, 9.735931e-01 
1.025014e+00, 1.000475e+00 
1.059341e+00, 1.030110e+00 
1.094818e+00, 1.062417e+00 
1.131483e+00, 1.097297e+00 
1.169376e+00, 1.134620e+00 
1.208538e+00, 1.174213e+00 
1.249012e+00, 1.215849e+00 
1.290841e+00, 1.259252e+00 
1.334071e+00, 1.304093e+00 
1.378748e+00, 1.350016e+00 
1.424922e+00, 1.396653e+00 
1.472642e+00, 1.443657e+00 
1.521961e+00, 1.490723e+00 
1.572931e+00, 1.537616e+00 
1.625608e+00, 1.584170e+00 
1.680049e+00, 1.630286e+00 
1.736313e+00, 1.675911e+00 
1.794462e+00, 1.721003e+00 
1.854558e+00, 1.765497e+00 
1.916666e+00, 1.809268e+00 
1.980855e+00, 1.852115e+00 
2.047193e+00, 1.893743e+00 
2.115753e+00, 1.933782e+00 
2.186609e+00, 1.971816e+00 
2.259838e+00, 2.007432e+00 
2.335519e+00, 2.040274e+00 
2.413735e+00, 2.070104e+00 
2.494570e+00, 2.096834e+00 
2.578112e+00, 2.120543e+00 
2.664453e+00, 2.141458e+00 
2.753684e+00, 2.159902e+00 
2.845904e+00, 2.176219e+00 
2.941213e+00, 2.190694e+00 
3.039713e+00, 2.203478e+00 
3.141512e+00, 2.214532e+00 
3.246721e+00, 2.223609e+00 
3.355452e+00, 2.230280e+00 
3.467825e+00, 2.233998e+00 
3.583962e+00, 2.234191e+00 
3.703988e+00, 2.230376e+00 
3.828033e+00, 2.222274e+00 
3.956233e+00, 2.209890e+00 
4.088726e+00, 2.193549e+00 
4.225656e+00, 2.173878e+00 
4.367172e+00, 2.151709e+00 
4.513427e+00, 2.127949e+00 
4.664580e+00, 2.103403e+00 
4.820796e+00, 2.078615e+00 
4.982243e+00, 2.053733e+00 
5.149097e+00, 2.028449e+00 
5.321538e+00, 2.002016e+00 
5.499755e+00, 1.973360e+00 
5.683940e+00, 1.941268e+00 
5.874294e+00, 1.904623e+00 
6.071022e+00, 1.862646e+00 
6.274339e+00, 1.815106e+00 
6.484464e+00, 1.762427e+00 
6.701627e+00, 1.705693e+00 
6.926063e+00, 1.646514e+00 
7.158014e+00, 1.586775e+00 
7.397734e+00, 1.528314e+00 
7.645482e+00, 1.472578e+00 
7.901527e+00, 1.420320e+00 
8.166147e+00, 1.371413e+00 
8.439628e+00, 1.324804e+00 
8.722269e+00, 1.278635e+00 
9.014375e+00, 1.230520e+00 
9.316264e+00, 1.177923e+00 
9.628263e+00, 1.118588e+00 
9.950710e+00, 1.050935e+00 
1.028396e+01, 9.743626e-01 
1.062836e+01, 8.893900e-01 
1.098430e+01, 7.976327e-01 
1.135216e+01, 7.016048e-01 
1.173235e+01, 6.043967e-01 
1.212526e+01, 5.092851e-01 
1.253133e+01, 4.193461e-01 
1.295100e+01, 3.371316e-01 
1.338472e+01, 2.644539e-01 
1.383298e+01, 2.022957e-01 
1.429624e+01, 1.508397e-01 
1.477501e+01, 1.095921e-01 
1.526982e+01, 7.756214e-02 
1.578121e+01, 5.345913e-02 
1.630971e+01, 3.587651e-02 
1.685592e+01, 2.343931e-02 
1.742042e+01, 1.490627e-02 
1.800383e+01, 9.226467e-03 
1.860677e+01, 5.557842e-03 
1.922990e+01, 3.257991e-03 
1.987391e+01, 1.858406e-03 
2.053948e+01, 1.031472e-03 
2.122734e+01, 5.570353e-04 
2.193824e+01, 2.926865e-04 
2.267294e+01, 1.496254e-04 
2.343225e+01, 7.441855e-05 
2.421699e+01, 3.600994e-05 
2.502801e+01, 1.695205e-05 
2.586619e+01, 7.763826e-06 
2.673244e+01, 3.459222e-06 
2.762770e+01, 1.499431e-06 
2.855295e+01, 6.322912e-07 
2.950918e+01, 2.593868e-07 
3.049743e+01, 1.035182e-07 
3.151878e+01, 4.019040e-08 
3.257433e+01, 1.517969e-08 
3.366524e+01, 5.577472e-09 
3.479268e+01, 1.993633e-09 
3.595787e+01, 6.932425e-10 
3.716209e+01, 2.345076e-10 
3.840664e+01, 7.717203e-11 
3.969286e+01, 2.470551e-11 
4.102217e+01, 7.694104e-12 
4.239599e+01, 2.331055e-12 
4.381582e+01, 6.870321e-13 
4.528319e+01, 1.969841e-13 
4.679971e+01, 5.494334e-14 
4.836702e+01, 1.490831e-14 
4.998682e+01, 3.935238e-15 
5.166086e+01, 1.010515e-15 
5.339097e+01, 2.524318e-16 
5.517902e+01, 6.134432e-17 
5.702695e+01, 1.450220e-17 
5.893676e+01, 3.335203e-18 
6.091054e+01, 7.461734e-19 
6.295041e+01, 1.624001e-19 
6.505860e+01, 3.438443e-20 
6.723739e+01, 7.082168e-21 
6.948915e+01, 1.419056e-21 
7.181632e+01, 2.766063e-22 
7.422143e+01, 5.245094e-23 
7.670709e+01, 9.675501e-24 
7.927598e+01, 1.736291e-24 
8.193091e+01, 3.031102e-25 
8.467475e+01, 5.147632e-26 
8.751048e+01, 8.504392e-27 
9.044118e+01, 1.366809e-27 
9.347003e+01, 2.136985e-28 
9.660031e+01, 3.250304e-29 
9.983543e+01, 4.809228e-30 
1.031789e+02, 6.922383e-31 
1.066343e+02, 9.693146e-32 
1.102055e+02, 1.320392e-32 
1.138962e+02, 1.749725e-33 
1.177106e+02, 2.255618e-34 
1.216527e+02, 2.828721e-35 
1.257268e+02, 3.450990e-36 
1.299373e+02, 4.095681e-37 
1.342889e+02, 4.728652e-38 
1.387862e+02, 5.311016e-39 
1.434341e+02, 5.802921e-40 
1.482376e+02, 6.168003e-41 
1.532021e+02, 6.377808e-42 
1.583328e+02, 6.415450e-43 
1.636353e+02, 6.277861e-44 
1.691154e+02, 5.976201e-45 
1.747790e+02, 5.534361e-46 
1.806323e+02, 4.985844e-47 
1.866816e+02, 4.369571e-48 
1.929335e+02, 3.725356e-49 
1.993948e+02, 3.089766e-50 
2.060725e+02, 2.492943e-51 
2.129738e+02, 1.956717e-52 
2.201062e+02, 1.494075e-53 
2.274775e+02, 1.109803e-54 
2.350957e+02, 8.019516e-56 
2.429690e+02, 5.637405e-57 
2.511059e+02, 3.855132e-58 
2.595154e+02, 2.564650e-59 
2.682065e+02, 1.659762e-60 
2.771886e+02, 1.044943e-61 
2.864716e+02, 6.399825e-63 
2.960654e+02, 3.813050e-64 
3.059806e+02, 2.210069e-65 
3.162278e+02, 1.246143e-66 
