1000018.56 71.44381 36.778652
791679.06 60.3632 29.42318
626762.94 56.79683 23.175552
496195.8 55.10849 18.048088
392824.0 54.31334 13.943036
310996.88 53.70505 10.636711
246205.1 53.734497 7.915495
194922.8 53.82069 5.704387
154310.8 53.8434 3.8783195
122170.06 54.12338 2.59678
96719.125 54.3595 1.6364658
76566.21 54.669407 0.79277295
60616.465 55.061455 0.20394038
47988.42 55.27033 -0.22209927
38014.027 55.631317 -0.5330705
30080.912 55.963852 -0.6559465
23808.643 56.131645 -0.8908625
18853.918 56.31138 -0.7693376
14929.112 56.493023 -0.85026866
11811.533 56.71932 -0.9243122
9354.924 56.886467 -0.83662176
7540.311 57.07942 -0.7696469
5888.0977 57.18483 -0.888078
4641.4854 57.1916 -0.7902128
3676.1763 57.479874 -0.74642444
2910.9316 57.573887 -0.73562217
2302.7896 57.541054 -0.6692934
1823.2498 57.802483 -0.66665095
1443.6138 57.93323 -0.7049278
1142.4408 57.882645 -0.6757416
905.28955 58.022747 -0.63068944
716.1456 58.182957 -0.6428603
567.3602 58.186165 -0.61016595
448.99423 58.344517 -0.632979
355.56894 58.38936 -0.6678403
281.5315 58.471813 -0.6156339
222.78993 58.739376 -0.651475
176.41125 58.62744 -0.5990246
139.68707 58.562485 -0.75595325
110.45951 58.766403 -0.76889414
87.453354 58.972218 -0.8614718
69.31242 59.040195 -0.7289314
54.877075 59.050076 -0.7428896
43.40278 59.271896 -0.8830814
34.39465 59.362335 -0.83570635
27.202301 59.440685 -0.8960989
21.551723 59.633835 -1.031232
17.057858 59.72258 -1.018495
13.500864 59.848824 -1.132683
10.687415 60.102005 -1.1259596
8.455084 60.08299 -1.2080635
6.7002573 60.403896 -1.4189411
5.307405 60.52781 -1.3594576
4.2002687 60.869793 -1.3355302
3.3272998 60.982273 -1.4115907
2.6304717 61.300926 -1.5365063
2.0822227 61.531597 -1.6602143
1.648207 61.749397 -1.6718091
1.3068749 62.05438 -1.7538383
1.0344945 62.415672 -1.8092773
0.8182344 62.719654 -1.8111702
0.6473732 62.926655 -1.9501587
0.5130352 63.339535 -1.9385878
0.4063085 63.60699 -2.0463343
0.32144913 63.8715 -2.076732
0.25471115 64.129456 -2.001775
0.20170659 64.43137 -2.0460584
0.15959513 64.7539 -2.0528195
0.12620345 65.05703 -2.1170192
0.09990411 65.441055 -2.1904612
