1000018.56 71.66206 37.755306
791679.06 60.30157 29.68513
626762.94 56.69719 23.495855
496195.8 55.02544 18.189854
392824.0 54.061283 14.011463
310996.88 53.70474 10.776008
246205.1 53.632877 7.9619465
194922.8 53.703514 5.7500935
154310.8 53.678535 3.891221
122170.06 54.123203 2.6131518
96719.125 54.222935 1.4377799
76566.21 54.690247 0.5374267
60616.465 55.08906 -0.1451197
47988.42 55.40484 -0.5286074
38014.027 55.650486 -0.88425964
30080.912 56.060135 -1.2652471
23808.643 56.535763 -1.2192289
18853.918 56.662846 -1.4917839
14929.112 57.022095 -1.5170285
11811.533 57.273335 -1.6100333
9354.924 57.48663 -1.6968505
7540.311 57.77131 -1.6367321
5888.0977 58.127445 -1.6906868
4641.4854 58.144135 -1.7275932
3676.1763 58.465046 -1.8322774
2910.9316 58.75 -2.0233183
2302.7896 59.027523 -2.153558
1823.2498 59.25193 -2.2176487
1443.6138 59.666225 -2.472816
1142.4408 59.806255 -2.548932
905.28955 60.416046 -2.8565102
716.1456 60.60922 -3.0005085
567.3602 60.952133 -3.2659936
448.99423 61.4095 -3.4696276
355.56894 62.00527 -3.8124173
281.5315 62.427906 -4.1902966
222.78993 62.80724 -4.607664
176.41125 63.422924 -5.027639
139.68707 64.126205 -5.6142764
110.45951 64.78359 -6.426933
87.453354 65.42485 -7.012975
69.31242 66.49877 -7.9317904
54.877075 67.40264 -8.971434
43.40278 68.60615 -10.051563
34.39465 70.05438 -11.422778
27.202301 71.64052 -12.741389
21.551723 73.29318 -14.183805
17.057858 75.58301 -15.881157
13.500864 78.15623 -17.320633
10.687415 80.90866 -18.869755
8.455084 84.30059 -20.22036
6.7002573 87.90618 -21.735373
5.307405 91.34198 -22.639091
4.2002687 95.8789 -22.889801
3.3272998 99.88584 -23.42273
2.6304717 104.185234 -23.391861
2.0822227 108.11631 -23.530128
1.648207 111.877846 -22.891806
1.3068749 115.83541 -21.95699
1.0344945 119.222374 -20.590792
0.8182344 122.70482 -19.549849
0.6473732 125.69381 -17.833426
0.5130352 128.80463 -16.98985
0.4063085 131.43039 -16.260172
0.32144913 133.60608 -15.4221735
0.25471115 135.2183 -14.697025
0.20170659 136.68451 -13.810462
0.15959513 138.07974 -12.709013
0.12620345 139.97514 -11.776166
0.09990411 142.0876 -11.142064
