1000018.56 71.48857 36.286728
791679.06 60.33694 29.780659
626762.94 56.962265 23.689589
496195.8 55.122345 18.258661
392824.0 54.43915 14.033611
310996.88 53.974804 10.729784
246205.1 53.859795 7.911622
194922.8 53.990448 5.8282437
154310.8 54.075695 4.046641
122170.06 54.35185 2.5173376
96719.125 54.723038 1.5074364
76566.21 54.95238 0.7059879
60616.465 55.142628 0.14040726
47988.42 55.494736 -0.15946016
38014.027 55.826332 -0.54402167
30080.912 56.116604 -0.7183941
23808.643 56.350834 -0.8112304
18853.918 56.682686 -0.8980079
14929.112 56.76142 -0.91553116
11811.533 56.932693 -0.8619486
9354.924 57.10286 -0.7761004
7540.311 57.2506 -0.8687686
5888.0977 57.383125 -0.8884223
4641.4854 57.442894 -0.86948204
3676.1763 57.504406 -0.8269286
2910.9316 57.664276 -0.7780718
2302.7896 57.844917 -0.7233191
1823.2498 57.852898 -0.7805755
1443.6138 58.10812 -0.8090477
1142.4408 58.101284 -0.67775977
905.28955 58.207115 -0.59169084
716.1456 58.267666 -0.7082868
567.3602 58.44077 -0.8731741
448.99423 58.507133 -0.72111404
355.56894 58.6936 -0.718704
281.5315 58.72949 -0.8007209
222.78993 58.774223 -0.68124586
176.41125 58.83241 -0.7136419
139.68707 58.82133 -0.7270542
110.45951 59.176247 -0.7535062
87.453354 59.14655 -0.91103864
69.31242 59.31001 -0.8400524
54.877075 59.500637 -1.0013323
43.40278 59.50679 -0.8171224
34.39465 59.68841 -0.97844714
27.202301 59.87853 -1.1419594
21.551723 59.972183 -0.8474685
17.057858 60.082436 -1.1406984
13.500864 60.200245 -1.1274505
10.687415 60.333477 -1.283552
8.455084 60.527946 -1.2791997
6.7002573 60.79668 -1.4045969
5.307405 60.966087 -1.3980958
4.2002687 61.3056 -1.5981932
3.3272998 61.510986 -1.6771168
2.6304717 61.838726 -1.8275465
2.0822227 62.05583 -1.8682296
1.648207 62.323772 -1.9180181
1.3068749 62.5973 -1.9666363
1.0344945 62.919647 -2.1067188
0.8182344 63.315723 -2.1083798
0.6473732 63.60337 -2.1758378
0.5130352 63.92711 -2.1634748
0.4063085 64.27936 -2.22456
0.32144913 64.68148 -2.1671512
0.25471115 65.014 -2.1984816
0.20170659 65.37196 -2.2697418
0.15959513 65.67674 -2.3945546
0.12620345 65.92495 -2.4335263
0.09990411 66.20548 -2.5026248
