1000018.56 71.84862 37.184746
791679.06 60.777145 30.068336
626762.94 56.735184 23.314283
496195.8 55.099754 18.234718
392824.0 54.187473 14.100654
310996.88 53.829937 10.661309
246205.1 53.562355 8.036765
194922.8 53.64321 5.7504544
154310.8 53.75081 4.047405
122170.06 54.08724 2.607515
96719.125 54.349327 1.3929149
76566.21 54.547047 0.61735237
60616.465 55.051598 -0.01836889
47988.42 55.461536 -0.5219825
38014.027 55.625263 -0.7372201
30080.912 56.09347 -1.0364497
23808.643 56.376205 -1.1276516
18853.918 56.70263 -1.2741888
14929.112 56.820198 -1.4273977
11811.533 57.241497 -1.50625
9354.924 57.428577 -1.5064801
7540.311 57.69646 -1.5470763
5888.0977 57.93367 -1.5441345
4641.4854 57.9722 -1.5648887
3676.1763 58.229992 -1.612064
2910.9316 58.669613 -1.7621493
2302.7896 58.74893 -1.7624402
1823.2498 58.968143 -1.8705916
1443.6138 59.13428 -1.9219853
1142.4408 59.493248 -2.169866
905.28955 59.859756 -2.2261138
716.1456 60.236076 -2.363065
567.3602 60.45461 -2.5836213
448.99423 60.8106 -2.8872802
355.56894 61.192997 -2.9838047
281.5315 61.614918 -3.1692762
222.78993 62.02436 -3.6412146
176.41125 62.545547 -3.7684298
139.68707 63.065666 -4.0845075
110.45951 63.68218 -4.3891582
87.453354 64.41138 -4.793525
69.31242 65.15741 -5.1396723
54.877075 66.14263 -5.462809
43.40278 66.84481 -5.825316
34.39465 67.934814 -5.9222326
27.202301 68.840546 -6.234784
21.551723 69.93719 -6.523299
17.057858 71.07228 -6.551497
13.500864 72.197105 -6.4523287
10.687415 73.379585 -6.1524353
8.455084 74.45006 -5.931706
6.7002573 75.41295 -5.7841735
5.307405 76.24767 -5.6980596
4.2002687 77.21218 -5.3329444
3.3272998 78.14187 -5.0731897
2.6304717 78.63169 -4.770533
2.0822227 79.43671 -4.3515606
1.648207 79.9342 -4.2132435
1.3068749 80.47536 -3.8244202
1.0344945 80.83886 -3.6302714
0.8182344 81.44355 -3.527323
0.6473732 82.05108 -3.309744
0.5130352 82.46696 -3.1343455
0.4063085 83.05117 -3.0007985
0.32144913 83.395615 -2.9497433
0.25471115 83.79575 -2.9161842
0.20170659 84.09631 -2.8639858
0.15959513 84.41579 -2.8391638
0.12620345 84.70386 -2.7567132
0.09990411 85.08145 -2.6734025
