1000018.56 69.93283 37.486862
791679.06 60.507805 29.901468
626762.94 56.740253 23.416788
496195.8 54.957348 18.355091
392824.0 54.046448 14.03708
310996.88 53.765335 10.781206
246205.1 53.591354 8.068384
194922.8 53.585506 5.8291163
154310.8 53.68948 4.0786457
122170.06 53.91432 2.5827622
96719.125 54.271828 1.4966152
76566.21 54.58677 0.6414876
60616.465 54.836098 -0.009565225
47988.42 55.076084 -0.511306
38014.027 55.618755 -0.8343348
30080.912 55.881546 -1.0088073
23808.643 56.303185 -1.1265602
18853.918 56.61261 -1.2578591
14929.112 56.752384 -1.3694484
11811.533 56.912483 -1.2632059
9354.924 57.205364 -1.2545037
7540.311 57.463505 -1.3068532
5888.0977 57.578457 -1.2970362
4641.4854 57.7206 -1.2825744
3676.1763 57.952328 -1.4082152
2910.9316 58.26635 -1.3966279
2302.7896 58.18636 -1.4408747
1823.2498 58.537537 -1.509696
1443.6138 58.59164 -1.5535201
1142.4408 58.923435 -1.7017884
905.28955 59.234783 -1.6780598
716.1456 59.512196 -1.6897721
567.3602 59.710506 -1.6838001
448.99423 59.98059 -1.7588507
355.56894 60.29342 -1.9336065
281.5315 60.600487 -2.063035
222.78993 60.937824 -2.0811172
176.41125 61.30287 -2.1225328
139.68707 61.56304 -2.1928759
110.45951 62.08399 -2.1401472
87.453354 62.283047 -2.0450044
69.31242 62.568707 -2.0051422
54.877075 63.114597 -1.9964293
43.40278 63.194817 -1.8645115
34.39465 63.360397 -1.70812
27.202301 63.759335 -1.6522461
21.551723 63.94992 -1.6279222
17.057858 64.33915 -1.6085402
13.500864 64.39031 -1.4820746
10.687415 64.63269 -1.4532461
8.455084 64.80934 -1.4916046
6.7002573 65.020424 -1.5396671
5.307405 65.29975 -1.3963176
4.2002687 65.36911 -1.4355273
3.3272998 65.59409 -1.3616728
2.6304717 65.8807 -1.4775347
2.0822227 66.16489 -1.4500316
1.648207 66.37962 -1.6175889
1.3068749 66.45401 -1.6405932
1.0344945 66.74938 -1.5551176
0.8182344 67.08592 -1.6252382
0.6473732 67.26749 -1.7339479
0.5130352 67.579575 -1.6763843
0.4063085 67.9138 -1.6994144
0.32144913 68.21221 -1.7825968
0.25471115 68.450966 -1.8642639
0.20170659 68.67468 -1.9381146
0.15959513 68.87411 -2.0038774
0.12620345 69.07961 -2.0393493
0.09990411 69.31482 -2.1260676
