1000018.56 71.69797 38.59758
791679.06 60.422997 29.99565
626762.94 56.66186 23.557234
496195.8 55.250103 18.222847
392824.0 54.357327 14.024313
310996.88 54.02346 10.795136
246205.1 53.690712 7.9776783
194922.8 53.882244 5.7149878
154310.8 54.00286 4.040563
122170.06 54.20859 2.6516314
96719.125 54.5075 1.6435754
76566.21 54.7476 0.75467026
60616.465 55.147205 0.13707928
47988.42 55.502884 -0.24419358
38014.027 55.802246 -0.5352115
30080.912 56.079746 -0.67626685
23808.643 56.34243 -0.7729131
18853.918 56.50465 -0.9855809
14929.112 56.76084 -1.1114655
11811.533 56.90027 -0.8880497
9354.924 56.986763 -0.92973566
7540.311 57.190014 -0.8626803
5888.0977 57.350338 -0.799701
4641.4854 57.536186 -0.8592786
3676.1763 57.734547 -0.8103073
2910.9316 57.69425 -0.6314015
2302.7896 57.85893 -0.7321518
1823.2498 57.998074 -0.674905
1443.6138 58.104614 -0.61369103
1142.4408 58.280933 -0.6230506
905.28955 58.17239 -0.3559749
716.1456 58.230366 -0.3819011
567.3602 58.274223 -0.6043645
448.99423 58.354492 -0.4768021
355.56894 58.510315 -0.66638374
281.5315 58.595455 -0.35069925
222.78993 58.742046 -0.6445625
176.41125 58.765076 -0.35288242
139.68707 58.686172 -0.46717054
110.45951 58.92406 -0.3722206
87.453354 58.902737 -0.5240603
69.31242 59.0011 -0.56472296
54.877075 59.070084 -0.57077944
43.40278 59.12946 -0.62584364
34.39465 59.167896 -0.5755545
27.202301 59.39154 -0.80785924
21.551723 59.327656 -0.73371303
17.057858 59.445915 -0.6426559
13.500864 59.538162 -0.75496495
10.687415 59.6486 -0.6973843
8.455084 59.855366 -0.86335814
6.7002573 59.894257 -0.93593556
5.307405 60.09705 -0.9668268
4.2002687 60.242195 -1.0704185
3.3272998 60.33971 -1.1900473
2.6304717 60.391033 -1.1892158
2.0822227 60.660534 -1.3429488
1.648207 60.883587 -1.3337107
1.3068749 61.210155 -1.4195807
1.0344945 61.314423 -1.5474305
0.8182344 61.58053 -1.5843098
0.6473732 61.84576 -1.6963308
0.5130352 62.146816 -1.6603532
0.4063085 62.356674 -1.6995066
0.32144913 62.66933 -1.7334496
0.25471115 62.913486 -1.7856513
0.20170659 63.24703 -1.8754376
0.15959513 63.495827 -1.9710141
0.12620345 63.674343 -2.0827594
0.09990411 63.940212 -2.1412373
