1000018.56 71.56681 37.48632
791679.06 60.689487 29.825876
626762.94 57.002193 23.411005
496195.8 55.08401 18.187052
392824.0 54.197376 13.976171
310996.88 53.839428 10.608782
246205.1 53.785656 7.8737226
194922.8 53.80819 5.7834587
154310.8 53.946964 4.0144
122170.06 54.2308 2.6419127
96719.125 54.47097 1.594463
76566.21 54.648613 0.80717605
60616.465 55.094315 0.22144206
47988.42 55.47657 -0.22615209
38014.027 55.61819 -0.47062153
30080.912 55.79643 -0.6521123
23808.643 56.12304 -0.79191685
18853.918 56.279438 -0.7960797
14929.112 56.596626 -0.8678285
11811.533 56.68752 -0.791504
9354.924 56.780144 -0.73462147
7540.311 57.02225 -0.7210792
5888.0977 57.187187 -0.76826525
4641.4854 57.4176 -0.83224213
3676.1763 57.397793 -0.77638614
2910.9316 57.515842 -0.6962318
2302.7896 57.64366 -0.8085072
1823.2498 57.734474 -0.72184736
1443.6138 57.76233 -0.70290595
1142.4408 57.932705 -0.78508705
905.28955 58.0306 -0.7351199
716.1456 58.078808 -0.69456047
567.3602 58.24233 -0.74689883
448.99423 58.360794 -0.8176002
355.56894 58.5504 -0.8032941
281.5315 58.565556 -0.9194525
222.78993 58.5915 -0.86788213
176.41125 58.83866 -0.82704824
139.68707 59.002724 -0.9427805
110.45951 59.03618 -0.89167917
87.453354 59.211536 -0.89158803
69.31242 59.23655 -1.0155323
54.877075 59.489437 -1.0132102
43.40278 59.5861 -1.0491612
34.39465 59.805817 -1.1873721
27.202301 59.80971 -1.1514064
21.551723 60.176804 -1.2302657
17.057858 60.18678 -1.3752663
13.500864 60.47361 -1.3344774
10.687415 60.62065 -1.4690077
8.455084 60.786686 -1.5478475
6.7002573 60.99855 -1.6873223
5.307405 61.25483 -1.6721973
4.2002687 61.473854 -1.8805484
3.3272998 61.88328 -2.0571282
2.6304717 62.181858 -2.2749238
2.0822227 62.511517 -2.332524
1.648207 62.90367 -2.3029768
1.3068749 63.251072 -2.3809724
1.0344945 63.579163 -2.4974296
0.8182344 63.980526 -2.6237638
0.6473732 64.46519 -2.7301228
0.5130352 64.858955 -2.758884
0.4063085 65.331665 -2.869967
0.32144913 65.764244 -2.9064846
0.25471115 66.17293 -2.9435275
0.20170659 66.5533 -2.9692516
0.15959513 66.965675 -2.987084
0.12620345 67.41973 -2.9930012
0.09990411 67.89804 -3.0593443
