1000018.56 70.774506 36.032883
791679.06 61.06947 29.66224
626762.94 57.108543 23.239368
496195.8 55.193684 17.856125
392824.0 54.62657 13.742117
310996.88 54.05918 10.445067
246205.1 53.98984 7.833751
194922.8 54.035194 5.665188
154310.8 54.161495 3.8272069
122170.06 54.39619 2.499727
96719.125 54.761055 1.405035
76566.21 55.006245 0.72217727
60616.465 55.42423 0.26943153
47988.42 55.686134 -0.09082287
38014.027 55.88403 -0.36352643
30080.912 56.15024 -0.63588524
23808.643 56.492123 -0.7824014
18853.918 56.643497 -0.73602605
14929.112 56.645798 -0.69878936
11811.533 56.916412 -0.82877845
9354.924 57.10901 -0.8324145
7540.311 57.233475 -0.82389003
5888.0977 57.389122 -0.76692086
4641.4854 57.40699 -0.7608938
3676.1763 57.551674 -0.7659626
2910.9316 57.536633 -0.7641831
2302.7896 57.81969 -0.76692355
1823.2498 57.772 -0.77086306
1443.6138 57.838936 -0.9150208
1142.4408 57.983376 -0.79405254
905.28955 58.212135 -0.8321703
716.1456 58.236588 -0.9594734
567.3602 58.41337 -0.98726875
448.99423 58.496372 -0.9778608
355.56894 58.561928 -1.0443021
281.5315 58.81532 -1.231084
222.78993 59.08941 -1.2347624
176.41125 59.270454 -1.403307
139.68707 59.35594 -1.3177054
110.45951 59.55882 -1.6560189
87.453354 59.71455 -1.768852
69.31242 60.020763 -1.8498921
54.877075 60.29433 -1.9376361
43.40278 60.523064 -2.128455
34.39465 60.708977 -2.146739
27.202301 61.22674 -2.3192225
21.551723 61.644894 -2.4423394
17.057858 62.02731 -2.7894294
13.500864 62.374775 -2.8367085
10.687415 62.70064 -3.0617125
8.455084 63.03586 -3.1266031
6.7002573 63.73423 -3.331863
5.307405 64.13856 -3.7111504
4.2002687 64.54782 -3.89312
3.3272998 65.19291 -4.125671
2.6304717 65.82912 -4.436933
2.0822227 66.5328 -4.8093195
1.648207 67.071 -5.309043
1.3068749 67.85108 -5.619467
1.0344945 68.650826 -5.9841375
0.8182344 69.40164 -6.437076
0.6473732 70.54095 -6.878471
0.5130352 71.70805 -7.3786516
0.4063085 72.71257 -8.179677
0.32144913 73.732376 -8.866912
0.25471115 74.691986 -9.466725
0.20170659 75.95102 -10.0587845
0.15959513 77.433334 -10.764402
0.12620345 78.93038 -11.710127
0.09990411 80.46751 -12.692516
