L, 0.000000e+00 
R, 5.611349e+01 
tau, gamma(tau) 
3.162278e-08, 3.719917e-92 
3.268181e-08, 6.602570e-91 
3.377632e-08, 1.140044e-89 
3.490748e-08, 1.914957e-88 
3.607652e-08, 3.129143e-87 
3.728471e-08, 4.974171e-86 
3.853336e-08, 7.692099e-85 
3.982383e-08, 1.157172e-83 
4.115752e-08, 1.693479e-82 
4.253587e-08, 2.410963e-81 
4.396039e-08, 3.339105e-80 
4.543261e-08, 4.498820e-79 
4.695413e-08, 5.896524e-78 
4.852661e-08, 7.518346e-77 
5.015175e-08, 9.325615e-76 
5.183132e-08, 1.125282e-74 
5.356714e-08, 1.320914e-73 
5.536108e-08, 1.508399e-72 
5.721511e-08, 1.675664e-71 
5.913123e-08, 1.810867e-70 
6.111151e-08, 1.903772e-69 
6.315812e-08, 1.947028e-68 
6.527326e-08, 1.937128e-67 
6.745925e-08, 1.874880e-66 
6.971844e-08, 1.765296e-65 
7.205329e-08, 1.616927e-64 
7.446633e-08, 1.440761e-63 
7.696018e-08, 1.248885e-62 
7.953756e-08, 1.053130e-61 
8.220125e-08, 8.639138e-61 
8.495414e-08, 6.894260e-60 
8.779923e-08, 5.352218e-59 
9.073960e-08, 4.042116e-58 
9.377844e-08, 2.969701e-57 
9.691905e-08, 2.122489e-56 
1.001648e-07, 1.475731e-55 
1.035193e-07, 9.981544e-55 
1.069862e-07, 6.567759e-54 
1.105691e-07, 4.204027e-53 
1.142720e-07, 2.617838e-52 
1.180990e-07, 1.585802e-51 
1.220541e-07, 9.345101e-51 
1.261416e-07, 5.357325e-50 
1.303661e-07, 2.987727e-49 
1.347320e-07, 1.620924e-48 
1.392441e-07, 8.554872e-48 
1.439073e-07, 4.392313e-47 
1.487268e-07, 2.193825e-46 
1.537076e-07, 1.065957e-45 
1.588552e-07, 5.038561e-45 
1.641752e-07, 2.316873e-44 
1.696734e-07, 1.036400e-43 
1.753557e-07, 4.510049e-43 
1.812283e-07, 1.909258e-42 
1.872976e-07, 7.862797e-42 
1.935701e-07, 3.150061e-41 
2.000527e-07, 1.227694e-40 
2.067524e-07, 4.654695e-40 
2.136765e-07, 1.716809e-39 
2.208325e-07, 6.160025e-39 
2.282281e-07, 2.150172e-38 
2.358714e-07, 7.301202e-38 
2.437706e-07, 2.411828e-37 
2.519344e-07, 7.750494e-37 
2.603717e-07, 2.422948e-36 
2.690914e-07, 7.368704e-36 
2.781032e-07, 2.180073e-35 
2.874168e-07, 6.274583e-35 
2.970423e-07, 1.756846e-34 
3.069902e-07, 4.785405e-34 
3.172712e-07, 1.268065e-33 
3.278965e-07, 3.268919e-33 
3.388776e-07, 8.198019e-33 
3.502266e-07, 2.000132e-32 
3.619555e-07, 4.747411e-32 
3.740773e-07, 1.096245e-31 
3.866051e-07, 2.462727e-31 
3.995523e-07, 5.382561e-31 
4.129332e-07, 1.144546e-30 
4.267622e-07, 2.367873e-30 
4.410544e-07, 4.766234e-30 
4.558251e-07, 9.334647e-30 
4.710906e-07, 1.778863e-29 
4.868673e-07, 3.298594e-29 
5.031723e-07, 5.952255e-29 
5.200234e-07, 1.045273e-28 
5.374388e-07, 1.786524e-28 
5.554375e-07, 2.972090e-28 
5.740389e-07, 4.813282e-28 
5.932633e-07, 7.589434e-28 
6.131315e-07, 1.165312e-27 
6.336651e-07, 1.742731e-27 
6.548864e-07, 2.539124e-27 
6.768183e-07, 3.605234e-27 
6.994848e-07, 4.990405e-27 
7.229103e-07, 6.737162e-27 
7.471203e-07, 8.875189e-27 
7.721412e-07, 1.141557e-26 
7.979999e-07, 1.434632e-26 
8.247247e-07, 1.763030e-26 
8.523445e-07, 2.120616e-26 
8.808893e-07, 2.499255e-26 
9.103900e-07, 2.889526e-26 
9.408787e-07, 3.281624e-26 
9.723884e-07, 3.666309e-26 
1.004953e-06, 4.035759e-26 
1.038609e-06, 4.384187e-26 
1.073392e-06, 4.708167e-26 
1.109339e-06, 5.006634e-26 
1.146491e-06, 5.280618e-26 
1.184886e-06, 5.532793e-26 
1.224568e-06, 5.766929e-26 
1.265578e-06, 5.987362e-26 
1.307962e-06, 6.198530e-26 
1.351765e-06, 6.404628e-26 
1.397035e-06, 6.609388e-26 
1.443822e-06, 6.815980e-26 
1.492175e-06, 7.027007e-26 
1.542147e-06, 7.244562e-26 
1.593793e-06, 7.470324e-26 
1.647169e-06, 7.705658e-26 
1.702332e-06, 7.951709e-26 
1.759343e-06, 8.209477e-26 
1.818263e-06, 8.479882e-26 
1.879156e-06, 8.763807e-26 
1.942088e-06, 9.062141e-26 
2.007128e-06, 9.375807e-26 
2.074346e-06, 9.705779e-26 
2.143816e-06, 1.005310e-25 
2.215611e-06, 1.041888e-25 
2.289811e-06, 1.080430e-25 
2.366496e-06, 1.121065e-25 
2.445750e-06, 1.163929e-25 
2.527657e-06, 1.209170e-25 
2.612308e-06, 1.256951e-25 
2.699793e-06, 1.307447e-25 
2.790208e-06, 1.360848e-25 
2.883652e-06, 1.417361e-25 
2.980224e-06, 1.477209e-25 
3.080031e-06, 1.540636e-25 
3.183180e-06, 1.607921e-25 
3.289784e-06, 1.679428e-25 
3.399958e-06, 1.755982e-25 
3.513821e-06, 1.841254e-25 
3.631498e-06, 1.956804e-25 
3.753116e-06, 2.234241e-25 
3.878807e-06, 3.464049e-25 
4.008707e-06, 1.027225e-24 
4.142957e-06, 4.898984e-24 
4.281704e-06, 2.653398e-23 
4.425097e-06, 1.443394e-22 
4.573292e-06, 7.684573e-22 
4.726450e-06, 3.984583e-21 
4.884737e-06, 2.010353e-20 
5.048326e-06, 9.867565e-20 
5.217392e-06, 4.711733e-19 
5.392121e-06, 2.188675e-18 
5.572702e-06, 9.890330e-18 
5.759330e-06, 4.347798e-17 
5.952208e-06, 1.859332e-16 
6.151546e-06, 7.735235e-16 
6.357559e-06, 3.130539e-15 
6.570472e-06, 1.232519e-14 
6.790515e-06, 4.720602e-14 
7.017927e-06, 1.758856e-13 
7.252956e-06, 6.375176e-13 
7.495855e-06, 2.247933e-12 
7.746889e-06, 7.710878e-12 
8.006330e-06, 2.573082e-11 
8.274459e-06, 8.352819e-11 
8.551569e-06, 2.637801e-10 
8.837958e-06, 8.103655e-10 
9.133938e-06, 2.421864e-09 
9.439831e-06, 7.041235e-09 
9.755968e-06, 1.991491e-08 
1.008269e-05, 5.479475e-08 
1.042036e-05, 1.466664e-07 
1.076933e-05, 3.819042e-07 
1.113000e-05, 9.674101e-07 
1.150274e-05, 2.383966e-06 
1.188796e-05, 5.715100e-06 
1.228608e-05, 1.332855e-05 
1.269754e-05, 3.023980e-05 
1.312278e-05, 6.674418e-05 
1.356225e-05, 1.433140e-04 
1.401645e-05, 2.993689e-04 
1.448586e-05, 6.083747e-04 
1.497098e-05, 1.202778e-03 
1.547236e-05, 2.313419e-03 
1.599052e-05, 4.328956e-03 
1.652604e-05, 7.880953e-03 
1.707949e-05, 1.395883e-02 
1.765148e-05, 2.405494e-02 
1.824262e-05, 4.033259e-02 
1.885356e-05, 6.579898e-02 
1.948496e-05, 1.044506e-01 
2.013751e-05, 1.613441e-01 
2.081191e-05, 2.425330e-01 
2.150889e-05, 3.548101e-01 
2.222922e-05, 5.052027e-01 
2.297367e-05, 7.002054e-01 
2.374305e-05, 9.447780e-01 
2.453820e-05, 1.241206e+00 
2.535997e-05, 1.587985e+00 
2.620927e-05, 1.978928e+00 
2.708701e-05, 2.402733e+00 
2.799415e-05, 2.843174e+00 
2.893166e-05, 3.280026e+00 
2.990058e-05, 3.690673e+00 
3.090194e-05, 4.052232e+00 
3.193683e-05, 4.343892e+00 
3.300639e-05, 4.549101e+00 
3.411176e-05, 4.657247e+00 
3.525415e-05, 4.664580e+00 
3.643481e-05, 4.574256e+00 
3.765500e-05, 4.395547e+00 
3.891605e-05, 4.142430e+00 
4.021934e-05, 3.831821e+00 
4.156627e-05, 3.481777e+00 
4.295831e-05, 3.109898e+00 
4.439697e-05, 2.732121e+00 
4.588381e-05, 2.361936e+00 
4.742045e-05, 2.010021e+00 
4.900855e-05, 1.684201e+00 
5.064983e-05, 1.389629e+00 
5.234607e-05, 1.129099e+00 
5.409913e-05, 9.034195e-01 
5.591089e-05, 7.118005e-01 
5.778333e-05, 5.522404e-01 
5.971848e-05, 4.218874e-01 
6.171843e-05, 3.173720e-01 
6.378536e-05, 2.351002e-01 
6.592152e-05, 1.714951e-01 
6.812921e-05, 1.231823e-01 
7.041083e-05, 8.711529e-02 
7.276887e-05, 6.064549e-02 
7.520588e-05, 4.154499e-02 
7.772450e-05, 2.799388e-02 
8.032747e-05, 1.854411e-02 
8.301761e-05, 1.207083e-02 
8.579785e-05, 7.720073e-03 
8.867119e-05, 4.858492e-03 
9.164076e-05, 3.028985e-03 
9.470978e-05, 1.914216e-03 
9.788159e-05, 1.309005e-03 
1.011596e-04, 1.102154e-03 
1.045474e-04, 1.268045e-03 
1.080487e-04, 1.868279e-03 
1.116672e-04, 3.063323e-03 
1.154069e-04, 5.133421e-03 
1.192718e-04, 8.506807e-03 
1.232662e-04, 1.379132e-02 
1.273944e-04, 2.180328e-02 
1.316608e-04, 3.358500e-02 
1.360700e-04, 5.040084e-02 
1.406270e-04, 7.370135e-02 
1.453365e-04, 1.050478e-01 
1.502038e-04, 1.459945e-01 
1.552341e-04, 1.979346e-01 
1.604328e-04, 2.619239e-01 
1.658057e-04, 3.385085e-01 
1.713585e-04, 4.275831e-01 
1.770972e-04, 5.283113e-01 
1.830281e-04, 6.391291e-01 
1.891577e-04, 7.578388e-01 
1.954925e-04, 8.817854e-01 
2.020395e-04, 1.008088e+00 
2.088058e-04, 1.133891e+00 
2.157986e-04, 1.256591e+00 
2.230256e-04, 1.374016e+00 
2.304947e-04, 1.484515e+00 
2.382139e-04, 1.586981e+00 
2.461916e-04, 1.680796e+00 
2.544365e-04, 1.765733e+00 
2.629575e-04, 1.841832e+00 
2.717639e-04, 1.909282e+00 
2.808651e-04, 1.968317e+00 
2.902712e-04, 2.019149e+00 
2.999923e-04, 2.061932e+00 
3.100390e-04, 2.096766e+00 
3.204221e-04, 2.123727e+00 
3.311529e-04, 2.142914e+00 
3.422431e-04, 2.154499e+00 
3.537048e-04, 2.158772e+00 
3.655502e-04, 2.156164e+00 
3.777924e-04, 2.147247e+00 
3.904446e-04, 2.132709e+00 
4.035204e-04, 2.113322e+00 
4.170342e-04, 2.089893e+00 
4.310006e-04, 2.063228e+00 
4.454346e-04, 2.034097e+00 
4.603521e-04, 2.003215e+00 
4.757692e-04, 1.971231e+00 
4.917025e-04, 1.938728e+00 
5.081695e-04, 1.906226e+00 
5.251879e-04, 1.874192e+00 
5.427763e-04, 1.843054e+00 
5.609537e-04, 1.813206e+00 
5.797399e-04, 1.785023e+00 
5.991552e-04, 1.758859e+00 
6.192207e-04, 1.735052e+00 
6.399583e-04, 1.713911e+00 
6.613903e-04, 1.695713e+00 
6.835400e-04, 1.680692e+00 
7.064316e-04, 1.669029e+00 
7.300898e-04, 1.660847e+00 
7.545402e-04, 1.656206e+00 
7.798096e-04, 1.655102e+00 
8.059251e-04, 1.657473e+00 
8.329153e-04, 1.663202e+00 
8.608094e-04, 1.672129e+00 
8.896377e-04, 1.684059e+00 
9.194314e-04, 1.698775e+00 
9.502228e-04, 1.716049e+00 
9.820455e-04, 1.735650e+00 
1.014934e-03, 1.757348e+00 
1.048924e-03, 1.780925e+00 
1.084052e-03, 1.806171e+00 
1.120356e-03, 1.832884e+00 
1.157877e-03, 1.860864e+00 
1.196654e-03, 1.889910e+00 
1.236729e-03, 1.919817e+00 
1.278147e-03, 1.950370e+00 
1.320952e-03, 1.981354e+00 
1.365190e-03, 2.012558e+00 
1.410910e-03, 2.043788e+00 
1.458161e-03, 2.074882e+00 
1.506994e-03, 2.105710e+00 
1.557463e-03, 2.136188e+00 
1.609622e-03, 2.166273e+00 
1.663528e-03, 2.195962e+00 
1.719239e-03, 2.225287e+00 
1.776816e-03, 2.254305e+00 
1.836321e-03, 2.283097e+00 
1.897818e-03, 2.311748e+00 
1.961376e-03, 2.340345e+00 
2.027062e-03, 2.368970e+00 
2.094947e-03, 2.397695e+00 
2.165106e-03, 2.426584e+00 
2.237615e-03, 2.455701e+00 
2.312552e-03, 2.485105e+00 
2.389999e-03, 2.514860e+00 
2.470039e-03, 2.545026e+00 
2.552760e-03, 2.575660e+00 
2.638251e-03, 2.606799e+00 
2.726606e-03, 2.638460e+00 
2.817919e-03, 2.670627e+00 
2.912290e-03, 2.703249e+00 
3.009822e-03, 2.736229e+00 
3.110620e-03, 2.769429e+00 
3.214793e-03, 2.802663e+00 
3.322456e-03, 2.835707e+00 
3.433724e-03, 2.868302e+00 
3.548718e-03, 2.900159e+00 
3.667564e-03, 2.930969e+00 
3.790389e-03, 2.960400e+00 
3.917328e-03, 2.988104e+00 
4.048519e-03, 3.013711e+00 
4.184102e-03, 3.036841e+00 
4.324227e-03, 3.057102e+00 
4.469044e-03, 3.074104e+00 
4.618711e-03, 3.087468e+00 
4.773390e-03, 3.096832e+00 
4.933249e-03, 3.101857e+00 
5.098462e-03, 3.102232e+00 
5.269208e-03, 3.097672e+00 
5.445672e-03, 3.087925e+00 
5.628046e-03, 3.072780e+00 
5.816528e-03, 3.052072e+00 
6.011322e-03, 3.025690e+00 
6.212639e-03, 2.993580e+00 
6.420698e-03, 2.955750e+00 
6.635725e-03, 2.912268e+00 
6.857954e-03, 2.863266e+00 
7.087625e-03, 2.808944e+00 
7.324987e-03, 2.749569e+00 
7.570299e-03, 2.685475e+00 
7.823826e-03, 2.617055e+00 
8.085843e-03, 2.544751e+00 
8.356636e-03, 2.469041e+00 
8.636497e-03, 2.390429e+00 
8.925731e-03, 2.309440e+00 
9.224651e-03, 2.226617e+00 
9.533581e-03, 2.142528e+00 
9.852858e-03, 2.057759e+00 
1.018283e-02, 1.972914e+00 
1.052385e-02, 1.888606e+00 
1.087629e-02, 1.805444e+00 
1.124053e-02, 1.724018e+00 
1.161697e-02, 1.644894e+00 
1.200602e-02, 1.568602e+00 
1.240810e-02, 1.495635e+00 
1.282364e-02, 1.426442e+00 
1.325310e-02, 1.361425e+00 
1.369695e-02, 1.300933e+00 
1.415565e-02, 1.245262e+00 
1.462972e-02, 1.194645e+00 
1.511967e-02, 1.149256e+00 
1.562602e-02, 1.109208e+00 
1.614933e-02, 1.074554e+00 
1.669017e-02, 1.045297e+00 
1.724911e-02, 1.021386e+00 
1.782678e-02, 1.002724e+00 
1.842380e-02, 9.891670e-01 
1.904080e-02, 9.805298e-01 
1.967847e-02, 9.765830e-01 
2.033750e-02, 9.770566e-01 
2.101860e-02, 9.816413e-01 
2.172250e-02, 9.899919e-01 
2.244998e-02, 1.001732e+00 
2.320183e-02, 1.016457e+00 
2.397885e-02, 1.033746e+00 
2.478189e-02, 1.053164e+00 
2.561183e-02, 1.074273e+00 
2.646956e-02, 1.096638e+00 
2.735602e-02, 1.119843e+00 
2.827217e-02, 1.143486e+00 
2.921899e-02, 1.167193e+00 
3.019753e-02, 1.190613e+00 
3.120883e-02, 1.213416e+00 
3.225401e-02, 1.235291e+00 
3.333419e-02, 1.255945e+00 
3.445054e-02, 1.275098e+00 
3.560427e-02, 1.292493e+00 
3.679665e-02, 1.307902e+00 
3.802896e-02, 1.321131e+00 
3.930254e-02, 1.332027e+00 
4.061877e-02, 1.340483e+00 
4.197908e-02, 1.346439e+00 
4.338495e-02, 1.349877e+00 
4.483789e-02, 1.350823e+00 
4.633950e-02, 1.349341e+00 
4.789140e-02, 1.345530e+00 
4.949527e-02, 1.339517e+00 
5.115285e-02, 1.331458e+00 
5.286594e-02, 1.321528e+00 
5.463641e-02, 1.309921e+00 
5.646616e-02, 1.296848e+00 
5.835720e-02, 1.282540e+00 
6.031156e-02, 1.267249e+00 
6.233138e-02, 1.251244e+00 
6.441884e-02, 1.234815e+00 
6.657620e-02, 1.218264e+00 
6.880582e-02, 1.201899e+00 
7.111011e-02, 1.186024e+00 
7.349156e-02, 1.170936e+00 
7.595277e-02, 1.156912e+00 
7.849641e-02, 1.144214e+00 
8.112523e-02, 1.133083e+00 
8.384209e-02, 1.123734e+00 
8.664993e-02, 1.116362e+00 
8.955181e-02, 1.111133e+00 
9.255088e-02, 1.108188e+00 
9.565038e-02, 1.107637e+00 
9.885368e-02, 1.109561e+00 
1.021643e-01, 1.114007e+00 
1.055857e-01, 1.120986e+00 
1.091217e-01, 1.130475e+00 
1.127762e-01, 1.142416e+00 
1.165530e-01, 1.156715e+00 
1.204564e-01, 1.173248e+00 
1.244904e-01, 1.191861e+00 
1.286596e-01, 1.212374e+00 
1.329683e-01, 1.234581e+00 
1.374214e-01, 1.258256e+00 
1.420236e-01, 1.283154e+00 
1.467799e-01, 1.309010e+00 
1.516955e-01, 1.335544e+00 
1.567758e-01, 1.362461e+00 
1.620262e-01, 1.389453e+00 
1.674524e-01, 1.416206e+00 
1.730603e-01, 1.442402e+00 
1.788560e-01, 1.467726e+00 
1.848459e-01, 1.491878e+00 
1.910363e-01, 1.514575e+00 
1.974340e-01, 1.535557e+00 
2.040460e-01, 1.554583e+00 
2.108795e-01, 1.571432e+00 
2.179418e-01, 1.585899e+00 
2.252406e-01, 1.597792e+00 
2.327838e-01, 1.606938e+00 
2.405797e-01, 1.613183e+00 
2.486366e-01, 1.616400e+00 
2.569634e-01, 1.616492e+00 
2.655690e-01, 1.613399e+00 
2.744628e-01, 1.607096e+00 
2.836545e-01, 1.597596e+00 
2.931540e-01, 1.584947e+00 
3.029717e-01, 1.569235e+00 
3.131181e-01, 1.550577e+00 
3.236043e-01, 1.529114e+00 
3.344417e-01, 1.505010e+00 
3.456421e-01, 1.478442e+00 
3.572175e-01, 1.449593e+00 
3.691806e-01, 1.418662e+00 
3.815444e-01, 1.385855e+00 
3.943222e-01, 1.351400e+00 
4.075279e-01, 1.315544e+00 
4.211759e-01, 1.278558e+00 
4.352810e-01, 1.240730e+00 
4.498584e-01, 1.202359e+00 
4.649240e-01, 1.163748e+00 
4.804942e-01, 1.125194e+00 
4.965858e-01, 1.086980e+00 
5.132163e-01, 1.049375e+00 
5.304037e-01, 1.012630e+00 
5.481668e-01, 9.769785e-01 
5.665247e-01, 9.426362e-01 
5.854975e-01, 9.098073e-01 
6.051056e-01, 8.786866e-01 
6.253704e-01, 8.494641e-01 
6.463139e-01, 8.223273e-01 
6.679587e-01, 7.974607e-01 
6.903285e-01, 7.750427e-01 
7.134474e-01, 7.552380e-01 
7.373405e-01, 7.381890e-01 
7.620338e-01, 7.240068e-01 
7.875541e-01, 7.127650e-01 
8.139291e-01, 7.044967e-01 
8.411873e-01, 6.991974e-01 
8.693584e-01, 6.968318e-01 
8.984730e-01, 6.973445e-01 
9.285625e-01, 7.006714e-01 
9.596598e-01, 7.067516e-01 
9.917985e-01, 7.155336e-01 
1.025014e+00, 7.269789e-01 
1.059341e+00, 7.410576e-01 
1.094818e+00, 7.577406e-01 
1.131483e+00, 7.769866e-01 
1.169376e+00, 7.987285e-01 
1.208538e+00, 8.228604e-01 
1.249012e+00, 8.492293e-01 
1.290841e+00, 8.776321e-01 
1.334071e+00, 9.078218e-01 
1.378748e+00, 9.395214e-01 
1.424922e+00, 9.724447e-01 
1.472642e+00, 1.006321e+00 
1.521961e+00, 1.040918e+00 
1.572931e+00, 1.076061e+00 
1.625608e+00, 1.111633e+00 
1.680049e+00, 1.147575e+00 
1.736313e+00, 1.183862e+00 
1.794462e+00, 1.220475e+00 
1.854558e+00, 1.257365e+00 
1.916666e+00, 1.294430e+00 
1.980855e+00, 1.331484e+00 
2.047193e+00, 1.368258e+00 
2.115753e+00, 1.404406e+00 
2.186609e+00, 1.439536e+00 
2.259838e+00, 1.473256e+00 
2.335519e+00, 1.505220e+00 
2.413735e+00, 1.535187e+00 
2.494570e+00, 1.563048e+00 
2.578112e+00, 1.588842e+00 
2.664453e+00, 1.612738e+00 
2.753684e+00, 1.634991e+00 
2.845904e+00, 1.655875e+00 
2.941213e+00, 1.675607e+00 
3.039713e+00, 1.694284e+00 
3.141512e+00, 1.711830e+00 
3.246721e+00, 1.727979e+00 
3.355452e+00, 1.742301e+00 
3.467825e+00, 1.754252e+00 
3.583962e+00, 1.763268e+00 
3.703988e+00, 1.768867e+00 
3.828033e+00, 1.770751e+00 
3.956233e+00, 1.768885e+00 
4.088726e+00, 1.763525e+00 
4.225656e+00, 1.755206e+00 
4.367172e+00, 1.744653e+00 
4.513427e+00, 1.732658e+00 
4.664580e+00, 1.719929e+00 
4.820796e+00, 1.706933e+00 
4.982243e+00, 1.693778e+00 
5.149097e+00, 1.680159e+00 
5.321538e+00, 1.665370e+00 
5.499755e+00, 1.648408e+00 
5.683940e+00, 1.628143e+00 
5.874294e+00, 1.603534e+00 
6.071022e+00, 1.573853e+00 
6.274339e+00, 1.538869e+00 
6.484464e+00, 1.498954e+00 
6.701627e+00, 1.455085e+00 
6.926063e+00, 1.408719e+00 
7.158014e+00, 1.361568e+00 
7.397734e+00, 1.315301e+00 
7.645482e+00, 1.271231e+00 
7.901527e+00, 1.230043e+00 
8.166147e+00, 1.191618e+00 
8.439628e+00, 1.154991e+00 
8.722269e+00, 1.118466e+00 
9.014375e+00, 1.079862e+00 
9.316264e+00, 1.036861e+00 
9.628263e+00, 9.873991e-01 
9.950710e+00, 9.300312e-01 
1.028396e+01, 8.642007e-01 
1.062836e+01, 7.903765e-01 
1.098430e+01, 7.100268e-01 
1.135216e+01, 6.254418e-01 
1.173235e+01, 5.394400e-01 
1.212526e+01, 4.550144e-01 
1.253133e+01, 3.749796e-01 
1.295100e+01, 3.016782e-01 
1.338472e+01, 2.367837e-01 
1.383298e+01, 1.812182e-01 
1.429624e+01, 1.351785e-01 
1.477501e+01, 9.824663e-02 
1.526982e+01, 6.955188e-02 
1.578121e+01, 4.794913e-02 
1.630971e+01, 3.218484e-02 
1.685592e+01, 2.103071e-02 
1.742042e+01, 1.337623e-02 
1.800383e+01, 8.280307e-03 
1.860677e+01, 4.988329e-03 
1.922990e+01, 2.924354e-03 
1.987391e+01, 1.668193e-03 
2.053948e+01, 9.259431e-04 
2.122734e+01, 5.000658e-04 
2.193824e+01, 2.627613e-04 
2.267294e+01, 1.343309e-04 
2.343225e+01, 6.681306e-05 
2.421699e+01, 3.233036e-05 
2.502801e+01, 1.522008e-05 
2.586619e+01, 6.970692e-06 
2.673244e+01, 3.105868e-06 
2.762770e+01, 1.346278e-06 
2.855295e+01, 5.677124e-07 
2.950918e+01, 2.328958e-07 
3.049743e+01, 9.294640e-08 
3.151878e+01, 3.608608e-08 
3.257433e+01, 1.362955e-08 
3.366524e+01, 5.007919e-09 
3.479268e+01, 1.790053e-09 
3.595787e+01, 6.224532e-10 
3.716209e+01, 2.105616e-10 
3.840664e+01, 6.929193e-11 
3.969286e+01, 2.218283e-11 
4.102217e+01, 6.908465e-12 
4.239599e+01, 2.093034e-12 
4.381582e+01, 6.168805e-13 
4.528319e+01, 1.768705e-13 
4.679971e+01, 4.933321e-14 
4.836702e+01, 1.338606e-14 
4.998682e+01, 3.533423e-15 
5.166086e+01, 9.073349e-16 
5.339097e+01, 2.266569e-16 
5.517902e+01, 5.508067e-17 
5.702695e+01, 1.302143e-17 
5.893676e+01, 2.994658e-18 
6.091054e+01, 6.699845e-19 
6.295041e+01, 1.458181e-19 
6.505860e+01, 3.087357e-20 
6.723739e+01, 6.359036e-21 
6.948915e+01, 1.274162e-21 
7.181632e+01, 2.483631e-22 
7.422143e+01, 4.709538e-23 
7.670709e+01, 8.687575e-24 
7.927598e+01, 1.559006e-24 
8.193091e+01, 2.721609e-25 
8.467475e+01, 4.622028e-26 
8.751048e+01, 7.636043e-27 
9.044118e+01, 1.227250e-27 
9.347003e+01, 1.918787e-28 
9.660031e+01, 2.918429e-29 
9.983543e+01, 4.318178e-30 
1.031789e+02, 6.215567e-31 
1.066343e+02, 8.703419e-32 
1.102055e+02, 1.185572e-32 
1.138962e+02, 1.571067e-33 
1.177106e+02, 2.025306e-34 
1.216527e+02, 2.539892e-35 
1.257268e+02, 3.098623e-36 
1.299373e+02, 3.677488e-37 
1.342889e+02, 4.245829e-38 
1.387862e+02, 4.768730e-39 
1.434341e+02, 5.210408e-40 
1.482376e+02, 5.538214e-41 
1.532021e+02, 5.726596e-42 
1.583328e+02, 5.760395e-43 
1.636353e+02, 5.636854e-44 
1.691154e+02, 5.365995e-45 
1.747790e+02, 4.969270e-46 
1.806323e+02, 4.476760e-47 
1.866816e+02, 3.923412e-48 
1.929335e+02, 3.344975e-49 
1.993948e+02, 2.774283e-50 
2.060725e+02, 2.238399e-51 
2.129738e+02, 1.756925e-52 
2.201062e+02, 1.341521e-53 
2.274775e+02, 9.964855e-55 
2.350957e+02, 7.200676e-56 
2.429690e+02, 5.061793e-57 
2.511059e+02, 3.461500e-58 
2.595154e+02, 2.302784e-59 
2.682065e+02, 1.490291e-60 
2.771886e+02, 9.382481e-62 
2.864716e+02, 5.746365e-63 
2.960654e+02, 3.423715e-64 
3.059806e+02, 1.984408e-65 
3.162278e+02, 1.118905e-66 
