1000018.56 72.00544 37.372753
791679.06 60.621143 30.04947
626762.94 57.0262 23.338001
496195.8 55.233547 18.146942
392824.0 54.32684 14.082002
310996.88 54.096634 10.640074
246205.1 53.812687 8.086039
194922.8 53.927563 5.749838
154310.8 54.14484 3.9901855
122170.06 54.214268 2.6938162
96719.125 54.56635 1.5188439
76566.21 55.024258 0.87115
60616.465 55.27443 0.15894079
47988.42 55.701538 -0.13601007
38014.027 55.921707 -0.5414142
30080.912 56.07284 -0.6829731
23808.643 56.496487 -0.8365112
18853.918 56.623528 -0.97057337
14929.112 56.767754 -1.0236048
11811.533 57.023354 -0.9656684
9354.924 57.155148 -0.79339606
7540.311 57.36706 -0.83657086
5888.0977 57.513855 -0.7505207
4641.4854 57.669487 -0.7391056
3676.1763 57.82129 -0.77547055
2910.9316 57.90219 -0.7193944
2302.7896 58.002247 -0.7063415
1823.2498 58.042957 -0.6315416
1443.6138 58.196648 -0.75107646
1142.4408 58.156326 -0.6296453
905.28955 58.397 -0.5725144
716.1456 58.492558 -0.5559384
567.3602 58.435165 -0.4376141
448.99423 58.571297 -0.5760519
355.56894 58.548893 -0.46487805
281.5315 58.73988 -0.5149075
222.78993 58.788536 -0.45450082
176.41125 58.737045 -0.46472728
139.68707 58.80781 -0.49726394
110.45951 58.920258 -0.63192767
87.453354 58.933384 -0.5990876
69.31242 59.015774 -0.49202758
54.877075 59.214634 -0.5921117
43.40278 59.264664 -0.69024706
34.39465 59.396523 -0.6173636
27.202301 59.56893 -0.83205557
21.551723 59.70125 -0.7716388
17.057858 59.747925 -0.7114368
13.500864 59.885376 -0.8552217
10.687415 59.917316 -0.9339052
8.455084 60.054325 -1.0002596
6.7002573 60.2523 -1.0490686
5.307405 60.332302 -1.1134303
4.2002687 60.621437 -1.1321285
3.3272998 60.675255 -1.1757761
2.6304717 60.78989 -1.2670957
2.0822227 61.03703 -1.3859031
1.648207 61.219257 -1.3722613
1.3068749 61.640747 -1.4365155
1.0344945 61.8377 -1.5626237
0.8182344 62.026474 -1.6329682
0.6473732 62.327625 -1.6930072
0.5130352 62.601036 -1.7306615
0.4063085 62.820568 -1.8129637
0.32144913 63.07162 -1.750131
0.25471115 63.31322 -1.7786945
0.20170659 63.620453 -1.8213738
0.15959513 63.869858 -1.8337432
0.12620345 64.18529 -1.9061924
0.09990411 64.51371 -2.0242927
