1000018.56 70.90662 36.845398
791679.06 60.548664 30.039715
626762.94 56.97508 23.264029
496195.8 55.084946 18.203121
392824.0 54.15871 14.05208
310996.88 53.858616 10.70392
246205.1 53.7933 7.9819813
194922.8 53.71498 5.818149
154310.8 53.918705 3.9728186
122170.06 54.11781 2.6871939
96719.125 54.350986 1.5919868
76566.21 54.687458 0.74600285
60616.465 55.091885 0.17211327
47988.42 55.198788 -0.28404707
38014.027 55.719852 -0.46601972
30080.912 56.03438 -0.69229823
23808.643 56.12249 -0.7747049
18853.918 56.477806 -0.9850016
14929.112 56.607903 -0.9555599
11811.533 56.9288 -0.90773845
9354.924 57.11677 -0.9331916
7540.311 57.1612 -0.9453752
5888.0977 57.340088 -0.83379996
4641.4854 57.54107 -0.9902805
3676.1763 57.583393 -0.8637685
2910.9316 57.821514 -0.8473337
2302.7896 57.722046 -0.7865578
1823.2498 57.914845 -0.69663036
1443.6138 58.032326 -0.5696804
1142.4408 58.085148 -0.5921165
905.28955 58.189285 -0.5080388
716.1456 58.27506 -0.56917995
567.3602 58.35438 -0.5298441
448.99423 58.319336 -0.5260182
355.56894 58.333572 -0.50703144
281.5315 58.510387 -0.5186384
222.78993 58.636818 -0.5335733
176.41125 58.714954 -0.39791557
139.68707 58.75895 -0.44248626
110.45951 58.640606 -0.47584626
87.453354 58.731316 -0.46266633
69.31242 58.741463 -0.64860225
54.877075 58.984318 -0.46839598
43.40278 59.04658 -0.53652334
34.39465 59.1327 -0.6280877
27.202301 59.10983 -0.61398554
21.551723 59.079094 -0.5722902
17.057858 59.33958 -0.66363394
13.500864 59.381207 -0.7419508
10.687415 59.514313 -0.66707706
8.455084 59.666843 -0.8639301
6.7002573 59.77951 -0.87372035
5.307405 59.94455 -0.9100884
4.2002687 60.091663 -1.0732489
3.3272998 60.258564 -1.1277446
2.6304717 60.41662 -1.1717811
2.0822227 60.54298 -1.2678094
1.648207 60.75198 -1.4154099
1.3068749 60.971313 -1.4194484
1.0344945 61.265366 -1.4708332
0.8182344 61.40289 -1.6306818
0.6473732 61.745476 -1.7009519
0.5130352 62.01965 -1.7710255
0.4063085 62.255527 -1.8000664
0.32144913 62.491318 -1.9118236
0.25471115 62.741806 -1.962803
0.20170659 63.0353 -2.0181818
0.15959513 63.307148 -2.0852818
0.12620345 63.61149 -2.162393
0.09990411 63.92938 -2.2848024
