1000018.56 71.82982 36.697723
791679.06 60.430565 30.428892
626762.94 56.82432 23.466377
496195.8 55.063522 18.34123
392824.0 54.14414 14.105043
310996.88 53.65582 10.835871
246205.1 53.60106 8.044132
194922.8 53.643833 5.816655
154310.8 53.862675 4.0305486
122170.06 54.0773 2.6093497
96719.125 54.192863 1.6696932
76566.21 54.620346 0.583091
60616.465 54.985695 0.13123114
47988.42 55.271816 -0.37859833
38014.027 55.668034 -0.70805943
30080.912 55.806156 -0.7992812
23808.643 56.26584 -1.0385692
18853.918 56.431984 -1.1637119
14929.112 56.824814 -1.1147614
11811.533 56.952583 -1.1081368
9354.924 57.129784 -1.2375515
7540.311 57.338875 -1.0990722
5888.0977 57.484398 -1.0667231
4641.4854 57.579693 -1.0735391
3676.1763 57.838768 -1.1515983
2910.9316 57.90024 -1.0215656
2302.7896 58.215134 -1.0252649
1823.2498 58.34475 -1.0641761
1443.6138 58.457424 -1.084592
1142.4408 58.801888 -1.0985422
905.28955 58.754425 -0.9597957
716.1456 58.90419 -1.0015689
567.3602 59.155434 -0.9674319
448.99423 59.247215 -0.99816865
355.56894 59.336864 -1.0023137
281.5315 59.5016 -0.9228835
222.78993 59.77899 -0.88573796
176.41125 59.805923 -0.77504003
139.68707 59.88096 -0.8592674
110.45951 60.0091 -0.90069693
87.453354 60.1117 -0.8146878
69.31242 60.17172 -0.77383524
54.877075 60.303654 -0.7320274
43.40278 60.45134 -0.65276134
34.39465 60.67323 -0.8137546
27.202301 60.60106 -0.7033824
21.551723 60.78454 -0.7862256
17.057858 60.739758 -0.94383174
13.500864 61.023296 -0.8788802
10.687415 61.03311 -0.87726414
8.455084 61.21792 -0.8317313
6.7002573 61.314827 -1.044521
5.307405 61.46845 -0.9203
4.2002687 61.61989 -1.0197722
3.3272998 61.719357 -1.1811973
2.6304717 61.953564 -1.264539
2.0822227 62.15038 -1.2343873
1.648207 62.391586 -1.4042175
1.3068749 62.574364 -1.5282425
1.0344945 62.771313 -1.6116688
0.8182344 62.98187 -1.6508443
0.6473732 63.26603 -1.6900964
0.5130352 63.547935 -1.770973
0.4063085 63.741425 -1.9000245
0.32144913 64.032394 -1.8586605
0.25471115 64.29884 -1.9117397
0.20170659 64.59268 -1.9634641
0.15959513 64.90244 -2.0920537
0.12620345 65.21892 -2.198217
0.09990411 65.63234 -2.4052846
