1000018.56 71.92824 37.01664
791679.06 60.079243 29.673927
626762.94 56.692825 23.3291
496195.8 54.88119 18.301243
392824.0 54.168804 14.068946
310996.88 53.63549 10.726701
246205.1 53.518883 8.199952
194922.8 53.52296 5.672499
154310.8 53.670982 4.052355
122170.06 53.961258 2.5089953
96719.125 54.25895 1.435662
76566.21 54.535442 0.56152904
60616.465 54.829655 0.009195622
47988.42 55.29327 -0.43877462
38014.027 55.583626 -0.7250079
30080.912 55.960655 -1.0145214
23808.643 56.18614 -1.3230649
18853.918 56.481556 -1.2823253
14929.112 56.735718 -1.4049752
11811.533 56.9223 -1.273279
9354.924 57.311092 -1.3712761
7540.311 57.459404 -1.5379866
5888.0977 57.643097 -1.518248
4641.4854 57.911407 -1.58232
3676.1763 58.11239 -1.6196392
2910.9316 58.11414 -1.6080489
2302.7896 58.44936 -1.7042298
1823.2498 58.6838 -1.7507917
1443.6138 59.02774 -1.8054523
1142.4408 59.226105 -1.8245944
905.28955 59.35619 -2.0302322
716.1456 59.84958 -2.2664957
567.3602 60.15014 -2.4472163
448.99423 60.529755 -2.4757607
355.56894 60.895454 -2.5294385
281.5315 61.138348 -2.8651505
222.78993 61.628326 -2.9823391
176.41125 62.08133 -3.3118618
139.68707 62.711716 -3.5470858
110.45951 63.22695 -3.5133393
87.453354 63.802483 -3.793974
69.31242 64.40679 -3.9658544
54.877075 65.028564 -4.195666
43.40278 65.763565 -4.1690125
34.39465 66.47537 -4.2427454
27.202301 67.09824 -3.9758408
21.551723 67.7938 -4.12735
17.057858 68.609085 -3.7479389
13.500864 69.161026 -3.7683403
10.687415 69.78416 -3.5600312
8.455084 70.23643 -3.4368217
6.7002573 70.90105 -3.2695527
5.307405 71.23218 -2.9624336
4.2002687 71.73638 -2.991969
3.3272998 71.98899 -2.716094
2.6304717 72.35485 -2.7946687
2.0822227 72.87619 -2.6113381
1.648207 73.16263 -2.4386537
1.3068749 73.52156 -2.293635
1.0344945 73.904526 -2.3807917
0.8182344 74.318886 -2.341131
0.6473732 74.58561 -2.321273
0.5130352 74.89027 -2.1952467
0.4063085 75.225426 -2.1450298
0.32144913 75.55685 -2.0104532
0.25471115 75.82052 -1.9560872
0.20170659 76.16324 -1.9038453
0.15959513 76.48533 -1.8790722
0.12620345 76.87205 -1.9527485
0.09990411 77.180405 -2.0548599
